+---------------------------------------------------------------------+
|  Log file: mau.resources.log                                        |
|  Compiler version: 9.13.1                                           |
|  Created on: Fri Sep 25 16:04:06 2026                               |
|  Run ID: fe24f4c17e2f43ef                                           |
+---------------------------------------------------------------------+


---------------------------------------------------------------------------------------------------------------------------------------------------------------------------------------------------------------------------------------------------------------------------------------------------------------------------------------------------------------
| Stage Number | Exact Match Input xbar | Ternary Match Input xbar | Hash Bit | Hash Dist Unit | Gateway | SRAM | Map RAM | TCAM | VLIW Instr | Meter ALU | Stats ALU | Stash | Exact Match Search Bus | Exact Match Result Bus | Tind Result Bus | Action Data Bus Bytes | 8-bit Action Slots | 16-bit Action Slots | 32-bit Action Slots | Logical TableID |
---------------------------------------------------------------------------------------------------------------------------------------------------------------------------------------------------------------------------------------------------------------------------------------------------------------------------------------------------------------
|      0       |           15           |            12            |    10    |       0        |    14   |  3   |    0    |  3   |     10     |     0     |     0     |   1   |           14           |           2            |        11       |           24          |         0          |          0          |          0          |        16       |
|      1       |           20           |            4             |    0     |       0        |    10   |  6   |    4    |  1   |     8      |     2     |     0     |   0   |           10           |           0            |        14       |           19          |         0          |          0          |          0          |        16       |
|      2       |           18           |            0             |    0     |       0        |    10   |  9   |    8    |  0   |     7      |     3     |     1     |   0   |           10           |           0            |        14       |           14          |         0          |          0          |          0          |        16       |
|      3       |           7            |            11            |    24    |       0        |    7    |  6   |    4    |  3   |     4      |     1     |     1     |   0   |           7            |           0            |        11       |           12          |         0          |          0          |          0          |        12       |
|      4       |           11           |            0             |    26    |       0        |    10   |  3   |    2    |  0   |     4      |     1     |     0     |   1   |           10           |           1            |        10       |           6           |         0          |          0          |          0          |        12       |
|      5       |           7            |            13            |    10    |       0        |    6    |  5   |    2    |  4   |     9      |     1     |     0     |   1   |           6            |           1            |        8        |           5           |         0          |          0          |          0          |        10       |
|      6       |           7            |            0             |    16    |       0        |    5    |  2   |    2    |  0   |     4      |     1     |     0     |   0   |           5            |           0            |        5        |           1           |         0          |          0          |          0          |        5        |
|      7       |           5            |            0             |    0     |       0        |    2    |  0   |    0    |  0   |     3      |     0     |     0     |   0   |           2            |           1            |        2        |           0           |         0          |          0          |          0          |        2        |
|      8       |           26           |            0             |    0     |       0        |    3    |  6   |    6    |  0   |     3      |     3     |     0     |   0   |           3            |           0            |        5        |           12          |         0          |          0          |          0          |        5        |
|      9       |           21           |            0             |    0     |       0        |    12   |  0   |    0    |  0   |     8      |     0     |     0     |   0   |           12           |           3            |        10       |           16          |         0          |          0          |          0          |        13       |
|      10      |           4            |            19            |    0     |       0        |    3    |  2   |    0    |  5   |     8      |     0     |     0     |   0   |           3            |           0            |        5        |           22          |         0          |          0          |          0          |        5        |
|      11      |           2            |            0             |    40    |       0        |    0    |  7   |    3    |  0   |     11     |     0     |     1     |   1   |           1            |           1            |        0        |           0           |         0          |          0          |          0          |        1        |
|              |                        |                          |          |                |         |      |         |      |            |           |           |       |                        |                        |                 |                       |                    |                     |                     |                 |
|    Totals    |          143           |            59            |   126    |       0        |    82   |  49  |    31   |  16  |     79     |     12    |     3     |   4   |           83           |           9            |        95       |          131          |         0          |          0          |          0          |       113       |
---------------------------------------------------------------------------------------------------------------------------------------------------------------------------------------------------------------------------------------------------------------------------------------------------------------------------------------------------------------


-------------------------------------------------------------------------------------------------------------------------------------------------------------------------------------------------------------------------------------------------------------------------------------------------------------------------------------------------------------------
| Stage Number | Exact Match Input xbar | Ternary Match Input xbar | Hash Bit | Hash Dist Unit | Gateway |  SRAM  | Map RAM |  TCAM  | VLIW Instr | Meter ALU | Stats ALU | Stash | Exact Match Search Bus | Exact Match Result Bus | Tind Result Bus | Action Data Bus Bytes | 8-bit Action Slots | 16-bit Action Slots | 32-bit Action Slots | Logical TableID |
-------------------------------------------------------------------------------------------------------------------------------------------------------------------------------------------------------------------------------------------------------------------------------------------------------------------------------------------------------------------
|      0       |         11.72%         |          18.18%          |  2.40%   |     0.00%      |  87.50% | 3.75%  |  0.00%  | 12.50% |   31.25%   |   0.00%   |   0.00%   | 6.25% |         87.50%         |         12.50%         |      68.75%     |         18.75%        |       0.00%        |        0.00%        |        0.00%        |     100.00%     |
|      1       |         15.62%         |          6.06%           |  0.00%   |     0.00%      |  62.50% | 7.50%  |  8.33%  | 4.17%  |   25.00%   |   50.00%  |   0.00%   | 0.00% |         62.50%         |         0.00%          |      87.50%     |         14.84%        |       0.00%        |        0.00%        |        0.00%        |     100.00%     |
|      2       |         14.06%         |          0.00%           |  0.00%   |     0.00%      |  62.50% | 11.25% |  16.67% | 0.00%  |   21.88%   |   75.00%  |   25.00%  | 0.00% |         62.50%         |         0.00%          |      87.50%     |         10.94%        |       0.00%        |        0.00%        |        0.00%        |     100.00%     |
|      3       |         5.47%          |          16.67%          |  5.77%   |     0.00%      |  43.75% | 7.50%  |  8.33%  | 12.50% |   12.50%   |   25.00%  |   25.00%  | 0.00% |         43.75%         |         0.00%          |      68.75%     |         9.38%         |       0.00%        |        0.00%        |        0.00%        |      75.00%     |
|      4       |         8.59%          |          0.00%           |  6.25%   |     0.00%      |  62.50% | 3.75%  |  4.17%  | 0.00%  |   12.50%   |   25.00%  |   0.00%   | 6.25% |         62.50%         |         6.25%          |      62.50%     |         4.69%         |       0.00%        |        0.00%        |        0.00%        |      75.00%     |
|      5       |         5.47%          |          19.70%          |  2.40%   |     0.00%      |  37.50% | 6.25%  |  4.17%  | 16.67% |   28.12%   |   25.00%  |   0.00%   | 6.25% |         37.50%         |         6.25%          |      50.00%     |         3.91%         |       0.00%        |        0.00%        |        0.00%        |      62.50%     |
|      6       |         5.47%          |          0.00%           |  3.85%   |     0.00%      |  31.25% | 2.50%  |  4.17%  | 0.00%  |   12.50%   |   25.00%  |   0.00%   | 0.00% |         31.25%         |         0.00%          |      31.25%     |         0.78%         |       0.00%        |        0.00%        |        0.00%        |      31.25%     |
|      7       |         3.91%          |          0.00%           |  0.00%   |     0.00%      |  12.50% | 0.00%  |  0.00%  | 0.00%  |   9.38%    |   0.00%   |   0.00%   | 0.00% |         12.50%         |         6.25%          |      12.50%     |         0.00%         |       0.00%        |        0.00%        |        0.00%        |      12.50%     |
|      8       |         20.31%         |          0.00%           |  0.00%   |     0.00%      |  18.75% | 7.50%  |  12.50% | 0.00%  |   9.38%    |   75.00%  |   0.00%   | 0.00% |         18.75%         |         0.00%          |      31.25%     |         9.38%         |       0.00%        |        0.00%        |        0.00%        |      31.25%     |
|      9       |         16.41%         |          0.00%           |  0.00%   |     0.00%      |  75.00% | 0.00%  |  0.00%  | 0.00%  |   25.00%   |   0.00%   |   0.00%   | 0.00% |         75.00%         |         18.75%         |      62.50%     |         12.50%        |       0.00%        |        0.00%        |        0.00%        |      81.25%     |
|      10      |         3.12%          |          28.79%          |  0.00%   |     0.00%      |  18.75% | 2.50%  |  0.00%  | 20.83% |   25.00%   |   0.00%   |   0.00%   | 0.00% |         18.75%         |         0.00%          |      31.25%     |         17.19%        |       0.00%        |        0.00%        |        0.00%        |      31.25%     |
|      11      |         1.56%          |          0.00%           |  9.62%   |     0.00%      |  0.00%  | 8.75%  |  6.25%  | 0.00%  |   34.38%   |   0.00%   |   25.00%  | 6.25% |         6.25%          |         6.25%          |      0.00%      |         0.00%         |       0.00%        |        0.00%        |        0.00%        |      6.25%      |
|              |                        |                          |          |                |         |        |         |        |            |           |           |       |                        |                        |                 |                       |                    |                     |                     |                 |
|   Average    |         9.31%          |          7.45%           |  2.52%   |     0.00%      |  42.71% | 5.10%  |  5.38%  | 5.56%  |   20.57%   |   25.00%  |   6.25%   | 2.08% |         43.23%         |         4.69%          |      49.48%     |         8.53%         |       0.00%        |        0.00%        |        0.00%        |      58.85%     |
-------------------------------------------------------------------------------------------------------------------------------------------------------------------------------------------------------------------------------------------------------------------------------------------------------------------------------------------------------------------


Allocated Resource Usage
-------------------------------------------------------------------------------------------------------------------------------------------------------------------------
|                            Table                             | Stage  | Crossbar | Hash | Gateways | RAMs | TCAMs | Map  | Action |  VLIW |  Exm   |  Exm   |  Tind  |
|                             Name                             | Number |  Bytes   | Bits |          |      |       | RAMs |  Data  | Slots | Search | Result | Result |
|                                                              |        |          |      |          |      |       |      |  Bus   |       |  Bus   |  Bus   |  Bus   |
|                                                              |        |          |      |          |      |       |      | Bytes  |       |        |        |        |
-------------------------------------------------------------------------------------------------------------------------------------------------------------------------
|                   IgParser.$PORT_METADATA                    |   -1   |    0     |  0   |    0     |  0   |   0   |  0   |   0    |   0   |   0    |   0    |   0    |
|                  Ingress.tbl_build_exp_ack                   |   0    |    1     |  10  |    0     |  1   |   0   |  0   |   4    |   3   |   1    |   1    |   0    |
|                      Ingress.tbl_params                      |   0    |    0     |  0   |    0     |  0   |   0   |  0   |   15   |   1   |   0    |   0    |   1    |
|                  Ingress.tbl_params$action                   |   0    |    0     |  0   |    0     |  1   |   0   |  0   |   0    |   0   |   0    |   0    |   0    |
|                     Ingress.tbl_session                      |   0    |    12    |  0   |    0     |  1   |   3   |  0   |   0    |   3   |   0    |   0    |   1    |
|                           cond-141                           |   0    |    2     |  0   |    1     |  0   |   0   |  0   |   0    |   0   |   1    |   0    |   0    |
|                           cond-74                            |   0    |    1     |  0   |    1     |  0   |   0   |  0   |   0    |   0   |   1    |   0    |   0    |
|                           cond-75                            |   0    |    4     |  0   |    1     |  0   |   0   |  0   |   0    |   0   |   1    |   0    |   0    |
|                           cond-77                            |   0    |    1     |  0   |    1     |  0   |   0   |  0   |   0    |   0   |   1    |   0    |   0    |
|                           cond-78                            |   0    |    1     |  0   |    1     |  0   |   0   |  0   |   0    |   0   |   1    |   0    |   0    |
|                           cond-79                            |   0    |    1     |  0   |    1     |  0   |   0   |  0   |   0    |   0   |   1    |   0    |   0    |
|                           cond-80                            |   0    |    1     |  0   |    1     |  0   |   0   |  0   |   0    |   0   |   1    |   0    |   0    |
|                           cond-81                            |   0    |    1     |  0   |    1     |  0   |   0   |  0   |   0    |   0   |   1    |   0    |   0    |
|                           cond-89                            |   0    |    1     |  0   |    1     |  0   |   0   |  0   |   0    |   0   |   1    |   0    |   0    |
|                           cond-90                            |   0    |    1     |  0   |    1     |  0   |   0   |  0   |   0    |   0   |   1    |   0    |   0    |
|                           cond-94                            |   0    |    2     |  0   |    1     |  0   |   0   |  0   |   0    |   0   |   1    |   0    |   0    |
|                           cond-95                            |   0    |    1     |  0   |    1     |  0   |   0   |  0   |   0    |   0   |   1    |   0    |   0    |
|                           cond-96                            |   0    |    1     |  0   |    1     |  0   |   0   |  0   |   0    |   0   |   1    |   0    |   0    |
|                   tbl_defense4_timing2910                    |   0    |    0     |  0   |    0     |  0   |   0   |  0   |   4    |   1   |   0    |   0    |   1    |
|                   tbl_defense4_timing2916                    |   0    |    0     |  0   |    0     |  0   |   0   |  0   |   0    |   1   |   0    |   0    |   1    |
|                   tbl_defense4_timing2952                    |   0    |    0     |  0   |    0     |  0   |   0   |  0   |   0    |   1   |   0    |   0    |   1    |
|                   tbl_defense4_timing2953                    |   0    |    0     |  0   |    0     |  0   |   0   |  0   |   0    |   1   |   0    |   0    |   1    |
|                   tbl_defense4_timing2954                    |   0    |    0     |  0   |    0     |  0   |   0   |  0   |   0    |   1   |   0    |   0    |   1    |
|                   tbl_defense4_timing2969                    |   0    |    0     |  0   |    0     |  0   |   0   |  0   |   1    |   1   |   0    |   1    |   0    |
|               tbl_defense4_timing2969-gateway                |   0    |    0     |  0   |    1     |  0   |   0   |  0   |   0    |   0   |   1    |   0    |   0    |
|                   tbl_defense4_timing3000                    |   0    |    0     |  0   |    0     |  0   |   0   |  0   |   0    |   1   |   0    |   0    |   1    |
|                   tbl_defense4_timing3024                    |   0    |    0     |  0   |    0     |  0   |   0   |  0   |   0    |   1   |   0    |   0    |   1    |
|                   tbl_defense4_timing3030                    |   0    |    0     |  0   |    0     |  0   |   0   |  0   |   0    |   1   |   0    |   0    |   1    |
|                   tbl_defense4_timing3041                    |   0    |    0     |  0   |    0     |  0   |   0   |  0   |   0    |   1   |   0    |   0    |   1    |
|                  Ingress.reg_exp_relay_seq                   |   1    |    8     |  0   |    0     |  2   |   0   |  2   |   0    |   0   |   0    |   0    |   0    |
|                   Ingress.reg_session_port                   |   1    |    4     |  0   |    0     |  2   |   0   |  2   |   0    |   0   |   0    |   0    |   0    |
|                   Ingress.tbl_bor_codebook                   |   1    |    4     |  0   |    0     |  0   |   1   |  0   |   4    |   1   |   0    |   0    |   0    |
|               Ingress.tbl_bor_codebook$action                |   1    |    0     |  0   |    0     |  1   |   0   |  0   |   0    |   0   |   0    |   0    |   0    |
|                    Ingress.tbl_bor_params                    |   1    |    0     |  0   |    0     |  0   |   0   |  0   |   9    |   1   |   0    |   0    |   1    |
|                Ingress.tbl_bor_params$action                 |   1    |    0     |  0   |    0     |  1   |   0   |  0   |   0    |   0   |   0    |   0    |   0    |
|                  Ingress.tbl_build_do_shape                  |   1    |    0     |  0   |    0     |  0   |   0   |  0   |   0    |   1   |   0    |   0    |   1    |
|                    Ingress.tbl_build_now                     |   1    |    0     |  0   |    0     |  0   |   0   |  0   |   0    |   1   |   0    |   0    |   1    |
|                           cond-100                           |   1    |    1     |  0   |    1     |  0   |   0   |  0   |   0    |   0   |   1    |   0    |   0    |
|                           cond-82                            |   1    |    1     |  0   |    1     |  0   |   0   |  0   |   0    |   0   |   1    |   0    |   0    |
|                           cond-83                            |   1    |    2     |  0   |    1     |  0   |   0   |  0   |   0    |   0   |   1    |   0    |   0    |
|                           cond-84                            |   1    |    2     |  0   |    1     |  0   |   0   |  0   |   0    |   0   |   1    |   0    |   0    |
|                           cond-85                            |   1    |    2     |  0   |    1     |  0   |   0   |  0   |   0    |   0   |   1    |   0    |   0    |
|                           cond-86                            |   1    |    2     |  0   |    1     |  0   |   0   |  0   |   0    |   0   |   1    |   0    |   0    |
|                           cond-87                            |   1    |    2     |  0   |    1     |  0   |   0   |  0   |   0    |   0   |   1    |   0    |   0    |
|                           cond-91                            |   1    |    2     |  0   |    1     |  0   |   0   |  0   |   0    |   0   |   1    |   0    |   0    |
|                           cond-92                            |   1    |    3     |  0   |    1     |  0   |   0   |  0   |   0    |   0   |   1    |   0    |   0    |
|                           cond-93                            |   1    |    3     |  0   |    1     |  0   |   0   |  0   |   0    |   0   |   1    |   0    |   0    |
|                   tbl_defense4_timing2958                    |   1    |    0     |  0   |    0     |  0   |   0   |  0   |   0    |   1   |   0    |   0    |   1    |
|                   tbl_defense4_timing2959                    |   1    |    0     |  0   |    0     |  0   |   0   |  0   |   0    |   1   |   0    |   0    |   1    |
|                   tbl_defense4_timing2960                    |   1    |    0     |  0   |    0     |  0   |   0   |  0   |   0    |   1   |   0    |   0    |   1    |
|                   tbl_defense4_timing2962                    |   1    |    0     |  0   |    0     |  0   |   0   |  0   |   0    |   1   |   0    |   0    |   1    |
|                   tbl_defense4_timing2963                    |   1    |    0     |  0   |    0     |  0   |   0   |  0   |   0    |   1   |   0    |   0    |   1    |
|                   tbl_defense4_timing3002                    |   1    |    0     |  0   |    0     |  0   |   0   |  0   |   0    |   1   |   0    |   0    |   1    |
|                   tbl_defense4_timing3005                    |   1    |    0     |  0   |    0     |  0   |   0   |  0   |   0    |   1   |   0    |   0    |   1    |
|                   tbl_defense4_timing3008                    |   1    |    0     |  0   |    0     |  0   |   0   |  0   |   0    |   1   |   0    |   0    |   1    |
|                   tbl_defense4_timing3075                    |   1    |    0     |  0   |    0     |  0   |   0   |  0   |   4    |   1   |   0    |   0    |   1    |
|                   tbl_defense4_timing3076                    |   1    |    0     |  0   |    0     |  0   |   0   |  0   |   4    |   1   |   0    |   0    |   1    |
|                   tbl_defense4_timing3077                    |   1    |    0     |  0   |    0     |  0   |   0   |  0   |   2    |   1   |   0    |   0    |   1    |
|                        Egress.ctr_rrc                        |   2    |    0     |  0   |    0     |  2   |   0   |  2   |   0    |   0   |   0    |   0    |   0    |
|                     Ingress.reg_bor_gen                      |   2    |    1     |  0   |    0     |  2   |   0   |  2   |   0    |   0   |   0    |   0    |   0    |
|                     Ingress.reg_exp_ack                      |   2    |    8     |  0   |    0     |  2   |   0   |  2   |   0    |   0   |   0    |   0    |   0    |
|                     Ingress.reg_failopen                     |   2    |    1     |  0   |    0     |  2   |   0   |  2   |   0    |   0   |   0    |   0    |   0    |
|                    Ingress.tbl_build_cand                    |   2    |    0     |  0   |    0     |  0   |   0   |  0   |   0    |   1   |   0    |   0    |   1    |
|                           cond-101                           |   2    |    1     |  0   |    1     |  0   |   0   |  0   |   0    |   0   |   1    |   0    |   0    |
|                           cond-116                           |   2    |    1     |  0   |    1     |  0   |   0   |  0   |   0    |   0   |   1    |   0    |   0    |
|                           cond-117                           |   2    |    1     |  0   |    1     |  0   |   0   |  0   |   0    |   0   |   1    |   0    |   0    |
|                           cond-142                           |   2    |    1     |  0   |    1     |  0   |   0   |  0   |   0    |   0   |   1    |   0    |   0    |
|                           cond-143                           |   2    |    2     |  0   |    1     |  0   |   0   |  0   |   0    |   0   |   1    |   0    |   0    |
|                           cond-76                            |   2    |    1     |  0   |    1     |  0   |   0   |  0   |   0    |   0   |   1    |   0    |   0    |
|                           cond-88                            |   2    |    2     |  0   |    1     |  0   |   0   |  0   |   0    |   0   |   1    |   0    |   0    |
|                           cond-97                            |   2    |    1     |  0   |    1     |  0   |   0   |  0   |   0    |   0   |   1    |   0    |   0    |
|                           cond-98                            |   2    |    1     |  0   |    1     |  0   |   0   |  0   |   0    |   0   |   1    |   0    |   0    |
|                           cond-99                            |   2    |    2     |  0   |    1     |  0   |   0   |  0   |   0    |   0   |   1    |   0    |   0    |
|                   tbl_defense4_timing2907                    |   2    |    0     |  0   |    0     |  0   |   0   |  0   |   0    |   1   |   0    |   0    |   1    |
|                   tbl_defense4_timing2919                    |   2    |    0     |  0   |    0     |  0   |   0   |  0   |   0    |   1   |   0    |   0    |   1    |
|                   tbl_defense4_timing2968                    |   2    |    0     |  0   |    0     |  0   |   0   |  0   |   0    |   1   |   0    |   0    |   1    |
|                   tbl_defense4_timing3054                    |   2    |    0     |  0   |    0     |  0   |   0   |  0   |   0    |   1   |   0    |   0    |   1    |
|                   tbl_defense4_timing3056                    |   2    |    0     |  0   |    0     |  0   |   0   |  0   |   2    |   1   |   0    |   0    |   1    |
|                   tbl_defense4_timing3059                    |   2    |    0     |  0   |    0     |  0   |   0   |  0   |   2    |   1   |   0    |   0    |   1    |
|                   tbl_defense4_timing3079                    |   2    |    0     |  0   |    0     |  0   |   0   |  0   |   4    |   1   |   0    |   0    |   1    |
|                   tbl_defense4_timing3081                    |   2    |    0     |  0   |    0     |  0   |   0   |  0   |   4    |   1   |   0    |   0    |   1    |
|                   tbl_defense4_timing3231                    |   2    |    0     |  0   |    0     |  0   |   0   |  0   |   1    |   1   |   0    |   0    |   1    |
|                   tbl_defense4_timing3232                    |   2    |    0     |  0   |    0     |  0   |   0   |  0   |   1    |   1   |   0    |   0    |   1    |
|                   tbl_defense4_timing3239                    |   2    |    0     |  0   |    0     |  0   |   0   |  0   |   1    |   1   |   0    |   0    |   1    |
|                   tbl_defense4_timing3240                    |   2    |    0     |  0   |    0     |  0   |   0   |  0   |   0    |   1   |   0    |   0    |   1    |
|                   tbl_defense4_timing3471                    |   2    |    0     |  0   |    0     |  0   |   0   |  0   |   7    |   1   |   0    |   0    |   1    |
|                tbl_defense4_timing3471$action                |   2    |    0     |  0   |    0     |  1   |   0   |  0   |   0    |   0   |   0    |   0    |   0    |
|                        Egress.ctr_rrc                        |   3    |    0     |  0   |    0     |  2   |   0   |  2   |   0    |   0   |   0    |   0    |   0    |
|                    Ingress.reg_bor_epoch                     |   3    |    2     |  16  |    0     |  2   |   0   |  2   |   0    |   0   |   0    |   0    |   0    |
|                 Ingress.tbl_build_cand_resp                  |   3    |    0     |  0   |    0     |  0   |   0   |  0   |   0    |   1   |   0    |   0    |   1    |
|                  Ingress.tbl_resp_authorise                  |   3    |    11    |  0   |    0     |  1   |   3   |  0   |   0    |   3   |   0    |   0    |   1    |
|                           cond-102                           |   3    |    1     |  8   |    1     |  0   |   0   |  0   |   0    |   0   |   1    |   0    |   0    |
|                           cond-114                           |   3    |    1     |  0   |    1     |  0   |   0   |  0   |   0    |   0   |   1    |   0    |   0    |
|                           cond-115                           |   3    |    1     |  0   |    1     |  0   |   0   |  0   |   0    |   0   |   1    |   0    |   0    |
|                           cond-144                           |   3    |    1     |  0   |    1     |  0   |   0   |  0   |   0    |   0   |   1    |   0    |   0    |
|                           cond-145                           |   3    |    2     |  0   |    1     |  0   |   0   |  0   |   0    |   0   |   1    |   0    |   0    |
|          egress_reset_invalidated_checksum_fields_0          |   3    |    0     |  0   |    0     |  0   |   0   |  0   |   0    |   1   |   0    |   0    |   1    |
|          egress_reset_invalidated_checksum_fields_1          |   3    |    0     |  0   |    0     |  0   |   0   |  0   |   0    |   1   |   0    |   0    |   1    |
|   egress_reset_invalidated_checksum_fields_cond_0-gateway    |   3    |    2     |  0   |    1     |  0   |   0   |  0   |   0    |   0   |   1    |   0    |   0    |
|   egress_reset_invalidated_checksum_fields_cond_1-gateway    |   3    |    2     |  0   |    1     |  0   |   0   |  0   |   0    |   0   |   1    |   0    |   0    |
|                   tbl_defense4_timing3228                    |   3    |    0     |  0   |    0     |  0   |   0   |  0   |   2    |   1   |   0    |   0    |   1    |
|                   tbl_defense4_timing3229                    |   3    |    0     |  0   |    0     |  0   |   0   |  0   |   2    |   1   |   0    |   0    |   1    |
|                   tbl_defense4_timing3230                    |   3    |    0     |  0   |    0     |  0   |   0   |  0   |   2    |   1   |   0    |   0    |   1    |
|                   tbl_defense4_timing3477                    |   3    |    0     |  0   |    0     |  0   |   0   |  0   |   0    |   1   |   0    |   0    |   1    |
|                   tbl_defense4_timing3482                    |   3    |    0     |  0   |    0     |  0   |   0   |  0   |   10   |   1   |   0    |   0    |   1    |
|                tbl_defense4_timing3482$action                |   3    |    0     |  0   |    0     |  1   |   0   |  0   |   0    |   0   |   0    |   0    |   0    |
|                   tbl_defense4_timing3488                    |   3    |    0     |  0   |    0     |  0   |   0   |  0   |   0    |   1   |   0    |   0    |   1    |
|                   tbl_defense4_timing3491                    |   3    |    0     |  0   |    0     |  0   |   0   |  0   |   0    |   1   |   0    |   0    |   1    |
|                       Ingress.reg_tag                        |   4    |    2     |  16  |    0     |  2   |   0   |  2   |   0    |   0   |   0    |   0    |   0    |
|                           cond-103                           |   4    |    2     |  0   |    1     |  0   |   0   |  0   |   0    |   0   |   1    |   0    |   0    |
|                           cond-104                           |   4    |    1     |  0   |    1     |  0   |   0   |  0   |   0    |   0   |   1    |   0    |   0    |
|                           cond-105                           |   4    |    2     |  0   |    1     |  0   |   0   |  0   |   0    |   0   |   1    |   0    |   0    |
|                           cond-106                           |   4    |    1     |  0   |    1     |  0   |   0   |  0   |   0    |   0   |   1    |   0    |   0    |
|                           cond-107                           |   4    |    1     |  0   |    1     |  0   |   0   |  0   |   0    |   0   |   1    |   0    |   0    |
|                           cond-118                           |   4    |    1     |  0   |    1     |  0   |   0   |  0   |   0    |   0   |   1    |   0    |   0    |
|                           cond-119                           |   4    |    2     |  0   |    1     |  0   |   0   |  0   |   0    |   0   |   1    |   0    |   0    |
|                           cond-146                           |   4    |    1     |  0   |    1     |  0   |   0   |  0   |   0    |   0   |   1    |   0    |   0    |
|          egress_reset_invalidated_checksum_fields_2          |   4    |    0     |  0   |    0     |  0   |   0   |  0   |   0    |   1   |   0    |   0    |   1    |
|          egress_reset_invalidated_checksum_fields_3          |   4    |    0     |  0   |    0     |  0   |   0   |  0   |   0    |   1   |   0    |   0    |   1    |
|   egress_reset_invalidated_checksum_fields_cond_2-gateway    |   4    |    2     |  0   |    1     |  0   |   0   |  0   |   0    |   0   |   1    |   0    |   0    |
|   egress_reset_invalidated_checksum_fields_cond_3-gateway    |   4    |    2     |  0   |    1     |  0   |   0   |  0   |   0    |   0   |   1    |   0    |   0    |
| egresshdr.ipv4.hdr_checksum_encode_update_condition_2_egress |   4    |    2     |  10  |    0     |  1   |   0   |  0   |   1    |   2   |   1    |   1    |   0    |
|                   tbl_defense4_timing3107                    |   4    |    0     |  0   |    0     |  0   |   0   |  0   |   3    |   1   |   0    |   0    |   1    |
|                   tbl_defense4_timing3111                    |   4    |    0     |  0   |    0     |  0   |   0   |  0   |   3    |   1   |   0    |   0    |   1    |
|                   tbl_defense4_timing3117                    |   4    |    0     |  0   |    0     |  0   |   0   |  0   |   3    |   1   |   0    |   0    |   1    |
|                   tbl_defense4_timing3128                    |   4    |    0     |  0   |    0     |  0   |   0   |  0   |   3    |   1   |   0    |   0    |   1    |
|                   tbl_defense4_timing3130                    |   4    |    0     |  0   |    0     |  0   |   0   |  0   |   3    |   1   |   0    |   0    |   1    |
|                   tbl_defense4_timing3133                    |   4    |    0     |  0   |    0     |  0   |   0   |  0   |   3    |   1   |   0    |   0    |   1    |
|                   tbl_defense4_timing3243                    |   4    |    0     |  0   |    0     |  0   |   0   |  0   |   0    |   1   |   0    |   0    |   1    |
|                   tbl_defense4_timing3496                    |   4    |    0     |  0   |    0     |  0   |   0   |  0   |   2    |   1   |   0    |   0    |   1    |
|                    Ingress.reg_bor_ready                     |   5    |    1     |  0   |    0     |  2   |   0   |  2   |   0    |   0   |   0    |   0    |   0    |
|                   Ingress.tbl_state_decode                   |   5    |    12    |  0   |    0     |  1   |   3   |  0   |   2    |   11  |   0    |   0    |   1    |
|                    Ingress.tbl_txn_active                    |   5    |    1     |  0   |    0     |  1   |   1   |  0   |   0    |   3   |   0    |   0    |   1    |
|                           cond-120                           |   5    |    2     |  0   |    1     |  0   |   0   |  0   |   0    |   0   |   1    |   0    |   0    |
|                           cond-121                           |   5    |    1     |  0   |    1     |  0   |   0   |  0   |   0    |   0   |   1    |   0    |   0    |
|                           cond-122                           |   5    |    1     |  0   |    1     |  0   |   0   |  0   |   0    |   0   |   1    |   0    |   0    |
|                           cond-123                           |   5    |    1     |  0   |    1     |  0   |   0   |  0   |   0    |   0   |   1    |   0    |   0    |
|                           cond-126                           |   5    |    1     |  0   |    1     |  0   |   0   |  0   |   0    |   0   |   1    |   0    |   0    |
|                           cond-127                           |   5    |    2     |  0   |    1     |  0   |   0   |  0   |   0    |   0   |   1    |   0    |   0    |
|   egresshdr.tcp.checksum_encode_update_condition_3_egress    |   5    |    2     |  10  |    0     |  1   |   0   |  0   |   1    |   2   |   1    |   1    |   0    |
|                   tbl_defense4_timing3244                    |   5    |    0     |  0   |    0     |  0   |   0   |  0   |   2    |   1   |   0    |   0    |   1    |
|                   tbl_defense4_timing3245                    |   5    |    0     |  0   |    0     |  0   |   0   |  0   |   2    |   1   |   0    |   0    |   1    |
|                   tbl_defense4_timing3246                    |   5    |    0     |  0   |    0     |  0   |   0   |  0   |   2    |   1   |   0    |   0    |   1    |
|                   tbl_defense4_timing3254                    |   5    |    0     |  0   |    0     |  0   |   0   |  0   |   0    |   1   |   0    |   0    |   1    |
|                   tbl_defense4_timing3255                    |   5    |    0     |  0   |    0     |  0   |   0   |  0   |   0    |   1   |   0    |   0    |   1    |
|                   tbl_defense4_timing3256                    |   5    |    0     |  0   |    0     |  0   |   0   |  0   |   0    |   1   |   0    |   0    |   1    |
|                     Ingress.reg_ack_rel                      |   6    |    2     |  16  |    0     |  2   |   0   |  2   |   0    |   0   |   0    |   0    |   0    |
|                           cond-108                           |   6    |    3     |  0   |    1     |  0   |   0   |  0   |   0    |   0   |   1    |   0    |   0    |
|                           cond-112                           |   6    |    1     |  0   |    1     |  0   |   0   |  0   |   0    |   0   |   1    |   0    |   0    |
|                           cond-113                           |   6    |    1     |  0   |    1     |  0   |   0   |  0   |   0    |   0   |   1    |   0    |   0    |
|                           cond-124                           |   6    |    1     |  0   |    1     |  0   |   0   |  0   |   0    |   0   |   1    |   0    |   0    |
|                           cond-125                           |   6    |    2     |  0   |    1     |  0   |   0   |  0   |   0    |   0   |   1    |   0    |   0    |
|                   tbl_defense4_timing3172                    |   6    |    0     |  0   |    0     |  0   |   0   |  0   |   0    |   1   |   0    |   0    |   1    |
|                   tbl_defense4_timing3212                    |   6    |    0     |  0   |    0     |  0   |   0   |  0   |   1    |   1   |   0    |   0    |   1    |
|                   tbl_defense4_timing3218                    |   6    |    0     |  0   |    0     |  0   |   0   |  0   |   1    |   1   |   0    |   0    |   1    |
|                   tbl_defense4_timing3251                    |   6    |    0     |  0   |    0     |  0   |   0   |  0   |   0    |   1   |   0    |   0    |   1    |
|                   tbl_defense4_timing3252                    |   6    |    0     |  0   |    0     |  0   |   0   |  0   |   0    |   1   |   0    |   0    |   1    |
|                     Ingress.tbl_hold_ok                      |   7    |    0     |  0   |    0     |  0   |   0   |  0   |   0    |   2   |   0    |   1    |   0    |
|                           cond-109                           |   7    |    2     |  0   |    1     |  0   |   0   |  0   |   0    |   0   |   1    |   0    |   0    |
|                   tbl_defense4_timing3176                    |   7    |    0     |  0   |    0     |  0   |   0   |  0   |   0    |   1   |   0    |   0    |   1    |
|                    tbl_hold_ok_0-gateway                     |   7    |    3     |  0   |    1     |  0   |   0   |  0   |   0    |   0   |   1    |   0    |   1    |
|                     Ingress.reg_bor_topj                     |   8    |    8     |  0   |    0     |  2   |   0   |  2   |   0    |   0   |   0    |   0    |   0    |
|                     Ingress.reg_deadline                     |   8    |    8     |  0   |    0     |  2   |   0   |  2   |   0    |   0   |   0    |   0    |   0    |
|                      Ingress.reg_tresp                       |   8    |    8     |  0   |    0     |  2   |   0   |  2   |   0    |   0   |   0    |   0    |   0    |
|                           cond-110                           |   8    |    1     |  0   |    1     |  0   |   0   |  0   |   0    |   0   |   1    |   0    |   0    |
|                           cond-111                           |   8    |    1     |  0   |    1     |  0   |   0   |  0   |   0    |   0   |   1    |   0    |   0    |
|                           cond-128                           |   8    |    1     |  0   |    1     |  0   |   0   |  0   |   0    |   0   |   1    |   0    |   0    |
|                   tbl_defense4_timing3191                    |   8    |    0     |  0   |    0     |  0   |   0   |  0   |   4    |   1   |   0    |   0    |   1    |
|                   tbl_defense4_timing3193                    |   8    |    0     |  0   |    0     |  0   |   0   |  0   |   4    |   1   |   0    |   0    |   1    |
|                   tbl_defense4_timing3200                    |   8    |    0     |  0   |    0     |  0   |   0   |  0   |   4    |   1   |   0    |   0    |   1    |
|                   tbl_defense4_timing3202                    |   8    |    0     |  0   |    0     |  0   |   0   |  0   |   4    |   1   |   0    |   0    |   1    |
|                   tbl_defense4_timing3260                    |   8    |    0     |  0   |    0     |  0   |   0   |  0   |   4    |   1   |   0    |   0    |   1    |
|                 Ingress.tbl_deadline_expiry                  |   9    |    0     |  0   |    0     |  0   |   0   |  0   |   0    |   2   |   0    |   1    |   0    |
|                   Ingress.tbl_topj_expiry                    |   9    |    0     |  0   |    0     |  0   |   0   |  0   |   0    |   2   |   0    |   1    |   0    |
|                   Ingress.tbl_tresp_expiry                   |   9    |    0     |  0   |    0     |  0   |   0   |  0   |   0    |   2   |   0    |   1    |   0    |
|                           cond-129                           |   9    |    4     |  0   |    1     |  0   |   0   |  0   |   0    |   0   |   1    |   0    |   0    |
|                           cond-130                           |   9    |    1     |  0   |    1     |  0   |   0   |  0   |   0    |   0   |   1    |   0    |   0    |
|                           cond-131                           |   9    |    1     |  0   |    1     |  0   |   0   |  0   |   0    |   0   |   1    |   0    |   0    |
|                           cond-132                           |   9    |    2     |  0   |    1     |  0   |   0   |  0   |   0    |   0   |   1    |   0    |   0    |
|                           cond-133                           |   9    |    1     |  0   |    1     |  0   |   0   |  0   |   0    |   0   |   1    |   0    |   0    |
|                           cond-134                           |   9    |    1     |  0   |    1     |  0   |   0   |  0   |   0    |   0   |   1    |   0    |   0    |
|                           cond-137                           |   9    |    1     |  0   |    1     |  0   |   0   |  0   |   0    |   0   |   1    |   0    |   0    |
|                           cond-138                           |   9    |    1     |  0   |    1     |  0   |   0   |  0   |   0    |   0   |   1    |   0    |   0    |
|                           cond-139                           |   9    |    1     |  0   |    1     |  0   |   0   |  0   |   0    |   0   |   1    |   0    |   0    |
|                tbl_deadline_expiry_0-gateway                 |   9    |    4     |  0   |    1     |  0   |   0   |  0   |   0    |   0   |   1    |   0    |   1    |
|                   tbl_defense4_timing3286                    |   9    |    0     |  0   |    0     |  0   |   0   |  0   |   0    |   1   |   0    |   0    |   1    |
|                   tbl_defense4_timing3294                    |   9    |    0     |  0   |    0     |  0   |   0   |  0   |   0    |   1   |   0    |   0    |   1    |
|                   tbl_defense4_timing3295                    |   9    |    0     |  0   |    0     |  0   |   0   |  0   |   4    |   1   |   0    |   0    |   1    |
|                   tbl_defense4_timing3298                    |   9    |    0     |  0   |    0     |  0   |   0   |  0   |   4    |   1   |   0    |   0    |   1    |
|                   tbl_defense4_timing3303                    |   9    |    0     |  0   |    0     |  0   |   0   |  0   |   4    |   1   |   0    |   0    |   1    |
|                   tbl_defense4_timing3306                    |   9    |    0     |  0   |    0     |  0   |   0   |  0   |   4    |   1   |   0    |   0    |   1    |
|                   tbl_defense4_timing3309                    |   9    |    0     |  0   |    0     |  0   |   0   |  0   |   0    |   1   |   0    |   0    |   1    |
|                  tbl_topj_expiry_0-gateway                   |   9    |    4     |  0   |    1     |  0   |   0   |  0   |   0    |   0   |   1    |   0    |   1    |
|                  tbl_tresp_expiry_0-gateway                  |   9    |    4     |  0   |    1     |  0   |   0   |  0   |   0    |   0   |   1    |   0    |   1    |
|                    Ingress.tbl_decide_deq                    |   10   |    8     |  0   |    0     |  1   |   2   |  0   |   5    |   2   |   0    |   0    |   1    |
|                   Ingress.tbl_decide_fresh                   |   10   |    11    |  0   |    0     |  1   |   3   |  0   |   5    |   3   |   0    |   0    |   1    |
|                           cond-135                           |   10   |    2     |  0   |    1     |  0   |   0   |  0   |   0    |   0   |   1    |   0    |   0    |
|                           cond-136                           |   10   |    1     |  0   |    1     |  0   |   0   |  0   |   0    |   0   |   1    |   0    |   0    |
|                           cond-140                           |   10   |    1     |  0   |    1     |  0   |   0   |  0   |   0    |   0   |   1    |   0    |   0    |
|                   tbl_defense4_timing3299                    |   10   |    0     |  0   |    0     |  0   |   0   |  0   |   4    |   1   |   0    |   0    |   1    |
|                   tbl_defense4_timing3300                    |   10   |    0     |  0   |    0     |  0   |   0   |  0   |   4    |   1   |   0    |   0    |   1    |
|                   tbl_defense4_timing3301                    |   10   |    0     |  0   |    0     |  0   |   0   |  0   |   4    |   1   |   0    |   0    |   1    |
|                     Ingress.ctr_outcome                      |   11   |    0     |  0   |    0     |  3   |   0   |  3   |   0    |   0   |   0    |   0    |   0    |
|                      Ingress.tbl_commit                      |   11   |    2     |  40  |    0     |  4   |   0   |  0   |   0    |   11  |   1    |   1    |   0    |
-------------------------------------------------------------------------------------------------------------------------------------------------------------------------
