+---------------------------------------------------------------------+
|  Log file: mau.resources.log                                        |
|  Compiler version: 9.13.1                                           |
|  Created on: Fri Sep 25 16:04:52 2026                               |
|  Run ID: ef1cf03ddcbc4484                                           |
+---------------------------------------------------------------------+


---------------------------------------------------------------------------------------------------------------------------------------------------------------------------------------------------------------------------------------------------------------------------------------------------------------------------------------------------------------
| Stage Number | Exact Match Input xbar | Ternary Match Input xbar | Hash Bit | Hash Dist Unit | Gateway | SRAM | Map RAM | TCAM | VLIW Instr | Meter ALU | Stats ALU | Stash | Exact Match Search Bus | Exact Match Result Bus | Tind Result Bus | Action Data Bus Bytes | 8-bit Action Slots | 16-bit Action Slots | 32-bit Action Slots | Logical TableID |
---------------------------------------------------------------------------------------------------------------------------------------------------------------------------------------------------------------------------------------------------------------------------------------------------------------------------------------------------------------
|      0       |           13           |            12            |    10    |       0        |    12   |  4   |    0    |  3   |     10     |     0     |     0     |   1   |           12           |           1            |        13       |           30          |         0          |          0          |          0          |        16       |
|      1       |           20           |            0             |    0     |       0        |    12   |  4   |    4    |  0   |     8      |     2     |     0     |   0   |           11           |           1            |        13       |           8           |         0          |          0          |          0          |        15       |
|      2       |           14           |            4             |    0     |       0        |    7    |  7   |    6    |  1   |     7      |     3     |     0     |   0   |           7            |           0            |        11       |           11          |         0          |          0          |          0          |        13       |
|      3       |           3            |            11            |    24    |       0        |    3    |  3   |    2    |  3   |     5      |     1     |     0     |   0   |           3            |           0            |        5        |           2           |         0          |          0          |          0          |        6        |
|      4       |           8            |            0             |    16    |       0        |    7    |  2   |    2    |  0   |     4      |     1     |     0     |   0   |           7            |           0            |        7        |           3           |         0          |          0          |          0          |        8        |
|      5       |           5            |            13            |    0     |       0        |    7    |  4   |    2    |  4   |     10     |     1     |     0     |   0   |           7            |           0            |        9        |           2           |         0          |          0          |          0          |        10       |
|      6       |           7            |            0             |    16    |       0        |    4    |  2   |    2    |  0   |     3      |     1     |     0     |   0   |           4            |           0            |        4        |           1           |         0          |          0          |          0          |        4        |
|      7       |           5            |            0             |    0     |       0        |    2    |  0   |    0    |  0   |     3      |     0     |     0     |   0   |           2            |           1            |        2        |           0           |         0          |          0          |          0          |        2        |
|      8       |           26           |            0             |    0     |       0        |    3    |  6   |    6    |  0   |     3      |     3     |     0     |   0   |           3            |           0            |        5        |           12          |         0          |          0          |          0          |        5        |
|      9       |           21           |            0             |    0     |       0        |    12   |  0   |    0    |  0   |     8      |     0     |     0     |   0   |           12           |           3            |        10       |           16          |         0          |          0          |          0          |        13       |
|      10      |           4            |            14            |    0     |       0        |    3    |  2   |    0    |  4   |     8      |     0     |     0     |   0   |           3            |           0            |        5        |           22          |         0          |          0          |          0          |        5        |
|      11      |           2            |            0             |    40    |       0        |    0    |  7   |    3    |  0   |     10     |     0     |     1     |   1   |           1            |           1            |        0        |           0           |         0          |          0          |          0          |        1        |
|              |                        |                          |          |                |         |      |         |      |            |           |           |       |                        |                        |                 |                       |                    |                     |                     |                 |
|    Totals    |          128           |            54            |   106    |       0        |    72   |  41  |    27   |  15  |     79     |     12    |     1     |   2   |           72           |           7            |        84       |          107          |         0          |          0          |          0          |        98       |
---------------------------------------------------------------------------------------------------------------------------------------------------------------------------------------------------------------------------------------------------------------------------------------------------------------------------------------------------------------


------------------------------------------------------------------------------------------------------------------------------------------------------------------------------------------------------------------------------------------------------------------------------------------------------------------------------------------------------------------
| Stage Number | Exact Match Input xbar | Ternary Match Input xbar | Hash Bit | Hash Dist Unit | Gateway |  SRAM | Map RAM |  TCAM  | VLIW Instr | Meter ALU | Stats ALU | Stash | Exact Match Search Bus | Exact Match Result Bus | Tind Result Bus | Action Data Bus Bytes | 8-bit Action Slots | 16-bit Action Slots | 32-bit Action Slots | Logical TableID |
------------------------------------------------------------------------------------------------------------------------------------------------------------------------------------------------------------------------------------------------------------------------------------------------------------------------------------------------------------------
|      0       |         10.16%         |          18.18%          |  2.40%   |     0.00%      |  75.00% | 5.00% |  0.00%  | 12.50% |   31.25%   |   0.00%   |   0.00%   | 6.25% |         75.00%         |         6.25%          |      81.25%     |         23.44%        |       0.00%        |        0.00%        |        0.00%        |     100.00%     |
|      1       |         15.62%         |          0.00%           |  0.00%   |     0.00%      |  75.00% | 5.00% |  8.33%  | 0.00%  |   25.00%   |   50.00%  |   0.00%   | 0.00% |         68.75%         |         6.25%          |      81.25%     |         6.25%         |       0.00%        |        0.00%        |        0.00%        |      93.75%     |
|      2       |         10.94%         |          6.06%           |  0.00%   |     0.00%      |  43.75% | 8.75% |  12.50% | 4.17%  |   21.88%   |   75.00%  |   0.00%   | 0.00% |         43.75%         |         0.00%          |      68.75%     |         8.59%         |       0.00%        |        0.00%        |        0.00%        |      81.25%     |
|      3       |         2.34%          |          16.67%          |  5.77%   |     0.00%      |  18.75% | 3.75% |  4.17%  | 12.50% |   15.62%   |   25.00%  |   0.00%   | 0.00% |         18.75%         |         0.00%          |      31.25%     |         1.56%         |       0.00%        |        0.00%        |        0.00%        |      37.50%     |
|      4       |         6.25%          |          0.00%           |  3.85%   |     0.00%      |  43.75% | 2.50% |  4.17%  | 0.00%  |   12.50%   |   25.00%  |   0.00%   | 0.00% |         43.75%         |         0.00%          |      43.75%     |         2.34%         |       0.00%        |        0.00%        |        0.00%        |      50.00%     |
|      5       |         3.91%          |          19.70%          |  0.00%   |     0.00%      |  43.75% | 5.00% |  4.17%  | 16.67% |   31.25%   |   25.00%  |   0.00%   | 0.00% |         43.75%         |         0.00%          |      56.25%     |         1.56%         |       0.00%        |        0.00%        |        0.00%        |      62.50%     |
|      6       |         5.47%          |          0.00%           |  3.85%   |     0.00%      |  25.00% | 2.50% |  4.17%  | 0.00%  |   9.38%    |   25.00%  |   0.00%   | 0.00% |         25.00%         |         0.00%          |      25.00%     |         0.78%         |       0.00%        |        0.00%        |        0.00%        |      25.00%     |
|      7       |         3.91%          |          0.00%           |  0.00%   |     0.00%      |  12.50% | 0.00% |  0.00%  | 0.00%  |   9.38%    |   0.00%   |   0.00%   | 0.00% |         12.50%         |         6.25%          |      12.50%     |         0.00%         |       0.00%        |        0.00%        |        0.00%        |      12.50%     |
|      8       |         20.31%         |          0.00%           |  0.00%   |     0.00%      |  18.75% | 7.50% |  12.50% | 0.00%  |   9.38%    |   75.00%  |   0.00%   | 0.00% |         18.75%         |         0.00%          |      31.25%     |         9.38%         |       0.00%        |        0.00%        |        0.00%        |      31.25%     |
|      9       |         16.41%         |          0.00%           |  0.00%   |     0.00%      |  75.00% | 0.00% |  0.00%  | 0.00%  |   25.00%   |   0.00%   |   0.00%   | 0.00% |         75.00%         |         18.75%         |      62.50%     |         12.50%        |       0.00%        |        0.00%        |        0.00%        |      81.25%     |
|      10      |         3.12%          |          21.21%          |  0.00%   |     0.00%      |  18.75% | 2.50% |  0.00%  | 16.67% |   25.00%   |   0.00%   |   0.00%   | 0.00% |         18.75%         |         0.00%          |      31.25%     |         17.19%        |       0.00%        |        0.00%        |        0.00%        |      31.25%     |
|      11      |         1.56%          |          0.00%           |  9.62%   |     0.00%      |  0.00%  | 8.75% |  6.25%  | 0.00%  |   31.25%   |   0.00%   |   25.00%  | 6.25% |         6.25%          |         6.25%          |      0.00%      |         0.00%         |       0.00%        |        0.00%        |        0.00%        |      6.25%      |
|              |                        |                          |          |                |         |       |         |        |            |           |           |       |                        |                        |                 |                       |                    |                     |                     |                 |
|   Average    |         8.33%          |          6.82%           |  2.12%   |     0.00%      |  37.50% | 4.27% |  4.69%  | 5.21%  |   20.57%   |   25.00%  |   2.08%   | 1.04% |         37.50%         |         3.65%          |      43.75%     |         6.97%         |       0.00%        |        0.00%        |        0.00%        |      51.04%     |
------------------------------------------------------------------------------------------------------------------------------------------------------------------------------------------------------------------------------------------------------------------------------------------------------------------------------------------------------------------


Allocated Resource Usage
--------------------------------------------------------------------------------------------------------------------------------------------
|              Table              | Stage  | Crossbar | Hash | Gateways | RAMs | TCAMs | Map  | Action |  VLIW |  Exm   |  Exm   |  Tind  |
|               Name              | Number |  Bytes   | Bits |          |      |       | RAMs |  Data  | Slots | Search | Result | Result |
|                                 |        |          |      |          |      |       |      |  Bus   |       |  Bus   |  Bus   |  Bus   |
|                                 |        |          |      |          |      |       |      | Bytes  |       |        |        |        |
--------------------------------------------------------------------------------------------------------------------------------------------
|     IgParser.$PORT_METADATA     |   -1   |    0     |  0   |    0     |  0   |   0   |  0   |   0    |   0   |   0    |   0    |   0    |
|      Ingress.tbl_bor_params     |   0    |    0     |  0   |    0     |  0   |   0   |  0   |   9    |   1   |   0    |   0    |   1    |
|  Ingress.tbl_bor_params$action  |   0    |    0     |  0   |    0     |  1   |   0   |  0   |   0    |   0   |   0    |   0    |   0    |
|    Ingress.tbl_build_exp_ack    |   0    |    1     |  10  |    0     |  1   |   0   |  0   |   4    |   3   |   1    |   1    |   0    |
|        Ingress.tbl_params       |   0    |    0     |  0   |    0     |  0   |   0   |  0   |   13   |   1   |   0    |   0    |   1    |
|    Ingress.tbl_params$action    |   0    |    0     |  0   |    0     |  1   |   0   |  0   |   0    |   0   |   0    |   0    |   0    |
|       Ingress.tbl_session       |   0    |    12    |  0   |    0     |  1   |   3   |  0   |   0    |   3   |   0    |   0    |   1    |
|             cond-68             |   0    |    1     |  0   |    1     |  0   |   0   |  0   |   0    |   0   |   1    |   0    |   0    |
|             cond-69             |   0    |    4     |  0   |    1     |  0   |   0   |  0   |   0    |   0   |   1    |   0    |   0    |
|             cond-71             |   0    |    1     |  0   |    1     |  0   |   0   |  0   |   0    |   0   |   1    |   0    |   0    |
|             cond-72             |   0    |    1     |  0   |    1     |  0   |   0   |  0   |   0    |   0   |   1    |   0    |   0    |
|             cond-73             |   0    |    1     |  0   |    1     |  0   |   0   |  0   |   0    |   0   |   1    |   0    |   0    |
|             cond-74             |   0    |    1     |  0   |    1     |  0   |   0   |  0   |   0    |   0   |   1    |   0    |   0    |
|             cond-75             |   0    |    1     |  0   |    1     |  0   |   0   |  0   |   0    |   0   |   1    |   0    |   0    |
|             cond-83             |   0    |    1     |  0   |    1     |  0   |   0   |  0   |   0    |   0   |   1    |   0    |   0    |
|             cond-84             |   0    |    1     |  0   |    1     |  0   |   0   |  0   |   0    |   0   |   1    |   0    |   0    |
|             cond-88             |   0    |    2     |  0   |    1     |  0   |   0   |  0   |   0    |   0   |   1    |   0    |   0    |
|             cond-89             |   0    |    1     |  0   |    1     |  0   |   0   |  0   |   0    |   0   |   1    |   0    |   0    |
|             cond-90             |   0    |    1     |  0   |    1     |  0   |   0   |  0   |   0    |   0   |   1    |   0    |   0    |
|     tbl_defense4_timing2834     |   0    |    0     |  0   |    0     |  0   |   0   |  0   |   0    |   1   |   0    |   0    |   1    |
|     tbl_defense4_timing2837     |   0    |    0     |  0   |    0     |  0   |   0   |  0   |   4    |   1   |   0    |   0    |   1    |
|     tbl_defense4_timing2843     |   0    |    0     |  0   |    0     |  0   |   0   |  0   |   0    |   1   |   0    |   0    |   1    |
|     tbl_defense4_timing2878     |   0    |    0     |  0   |    0     |  0   |   0   |  0   |   0    |   1   |   0    |   0    |   1    |
|     tbl_defense4_timing2879     |   0    |    0     |  0   |    0     |  0   |   0   |  0   |   0    |   1   |   0    |   0    |   1    |
|     tbl_defense4_timing2880     |   0    |    0     |  0   |    0     |  0   |   0   |  0   |   0    |   1   |   0    |   0    |   1    |
|     tbl_defense4_timing2926     |   0    |    0     |  0   |    0     |  0   |   0   |  0   |   0    |   1   |   0    |   0    |   1    |
|     tbl_defense4_timing2950     |   0    |    0     |  0   |    0     |  0   |   0   |  0   |   0    |   1   |   0    |   0    |   1    |
|     tbl_defense4_timing2956     |   0    |    0     |  0   |    0     |  0   |   0   |  0   |   0    |   1   |   0    |   0    |   1    |
|     tbl_defense4_timing2967     |   0    |    0     |  0   |    0     |  0   |   0   |  0   |   0    |   1   |   0    |   0    |   1    |
|    Ingress.reg_exp_relay_seq    |   1    |    8     |  0   |    0     |  2   |   0   |  2   |   0    |   0   |   0    |   0    |   0    |
|     Ingress.reg_session_port    |   1    |    4     |  0   |    0     |  2   |   0   |  2   |   0    |   0   |   0    |   0    |   0    |
|      Ingress.tbl_build_now      |   1    |    0     |  0   |    0     |  0   |   0   |  0   |   0    |   1   |   0    |   0    |   1    |
|             cond-70             |   1    |    1     |  0   |    1     |  0   |   0   |  0   |   0    |   0   |   1    |   0    |   0    |
|             cond-76             |   1    |    1     |  0   |    1     |  0   |   0   |  0   |   0    |   0   |   1    |   0    |   0    |
|             cond-77             |   1    |    2     |  0   |    1     |  0   |   0   |  0   |   0    |   0   |   1    |   0    |   0    |
|             cond-78             |   1    |    2     |  0   |    1     |  0   |   0   |  0   |   0    |   0   |   1    |   0    |   0    |
|             cond-79             |   1    |    2     |  0   |    1     |  0   |   0   |  0   |   0    |   0   |   1    |   0    |   0    |
|             cond-80             |   1    |    2     |  0   |    1     |  0   |   0   |  0   |   0    |   0   |   1    |   0    |   0    |
|             cond-81             |   1    |    2     |  0   |    1     |  0   |   0   |  0   |   0    |   0   |   1    |   0    |   0    |
|             cond-85             |   1    |    2     |  0   |    1     |  0   |   0   |  0   |   0    |   0   |   1    |   0    |   0    |
|             cond-86             |   1    |    3     |  0   |    1     |  0   |   0   |  0   |   0    |   0   |   1    |   0    |   0    |
|             cond-87             |   1    |    3     |  0   |    1     |  0   |   0   |  0   |   0    |   0   |   1    |   0    |   0    |
|             cond-94             |   1    |    1     |  0   |    1     |  0   |   0   |  0   |   0    |   0   |   1    |   0    |   0    |
|     tbl_defense4_timing2846     |   1    |    0     |  0   |    0     |  0   |   0   |  0   |   0    |   1   |   0    |   0    |   1    |
|     tbl_defense4_timing2884     |   1    |    0     |  0   |    0     |  0   |   0   |  0   |   0    |   1   |   0    |   0    |   1    |
|     tbl_defense4_timing2885     |   1    |    0     |  0   |    0     |  0   |   0   |  0   |   0    |   1   |   0    |   0    |   1    |
|     tbl_defense4_timing2886     |   1    |    0     |  0   |    0     |  0   |   0   |  0   |   0    |   1   |   0    |   0    |   1    |
|     tbl_defense4_timing2888     |   1    |    0     |  0   |    0     |  0   |   0   |  0   |   0    |   1   |   0    |   0    |   1    |
|     tbl_defense4_timing2889     |   1    |    0     |  0   |    0     |  0   |   0   |  0   |   0    |   1   |   0    |   0    |   1    |
|     tbl_defense4_timing2895     |   1    |    0     |  0   |    0     |  0   |   0   |  0   |   1    |   1   |   0    |   1    |   0    |
| tbl_defense4_timing2895-gateway |   1    |    0     |  0   |    1     |  0   |   0   |  0   |   0    |   0   |   1    |   0    |   0    |
|     tbl_defense4_timing2928     |   1    |    0     |  0   |    0     |  0   |   0   |  0   |   0    |   1   |   0    |   0    |   1    |
|     tbl_defense4_timing2931     |   1    |    0     |  0   |    0     |  0   |   0   |  0   |   0    |   1   |   0    |   0    |   1    |
|     tbl_defense4_timing2934     |   1    |    0     |  0   |    0     |  0   |   0   |  0   |   0    |   1   |   0    |   0    |   1    |
|     tbl_defense4_timing3001     |   1    |    0     |  0   |    0     |  0   |   0   |  0   |   4    |   1   |   0    |   0    |   1    |
|     tbl_defense4_timing3002     |   1    |    0     |  0   |    0     |  0   |   0   |  0   |   4    |   1   |   0    |   0    |   1    |
|     tbl_defense4_timing3003     |   1    |    0     |  0   |    0     |  0   |   0   |  0   |   3    |   1   |   0    |   0    |   1    |
|       Ingress.reg_bor_gen       |   2    |    1     |  0   |    0     |  2   |   0   |  2   |   0    |   0   |   0    |   0    |   0    |
|       Ingress.reg_exp_ack       |   2    |    8     |  0   |    0     |  2   |   0   |  2   |   0    |   0   |   0    |   0    |   0    |
|       Ingress.reg_failopen      |   2    |    1     |  0   |    0     |  2   |   0   |  2   |   0    |   0   |   0    |   0    |   0    |
|     Ingress.tbl_bor_codebook    |   2    |    4     |  0   |    0     |  0   |   1   |  0   |   4    |   1   |   0    |   0    |   0    |
| Ingress.tbl_bor_codebook$action |   2    |    0     |  0   |    0     |  1   |   0   |  0   |   0    |   0   |   0    |   0    |   0    |
|      Ingress.tbl_build_cand     |   2    |    0     |  0   |    0     |  0   |   0   |  0   |   0    |   1   |   0    |   0    |   1    |
|   Ingress.tbl_build_cand_resp   |   2    |    0     |  0   |    0     |  0   |   0   |  0   |   0    |   1   |   0    |   0    |   1    |
|             cond-110            |   2    |    1     |  0   |    1     |  0   |   0   |  0   |   0    |   0   |   1    |   0    |   0    |
|             cond-111            |   2    |    1     |  0   |    1     |  0   |   0   |  0   |   0    |   0   |   1    |   0    |   0    |
|             cond-82             |   2    |    2     |  0   |    1     |  0   |   0   |  0   |   0    |   0   |   1    |   0    |   0    |
|             cond-91             |   2    |    1     |  0   |    1     |  0   |   0   |  0   |   0    |   0   |   1    |   0    |   0    |
|             cond-92             |   2    |    1     |  0   |    1     |  0   |   0   |  0   |   0    |   0   |   1    |   0    |   0    |
|             cond-93             |   2    |    2     |  0   |    1     |  0   |   0   |  0   |   0    |   0   |   1    |   0    |   0    |
|             cond-95             |   2    |    1     |  0   |    1     |  0   |   0   |  0   |   0    |   0   |   1    |   0    |   0    |
|     tbl_defense4_timing2894     |   2    |    0     |  0   |    0     |  0   |   0   |  0   |   0    |   1   |   0    |   0    |   1    |
|     tbl_defense4_timing2980     |   2    |    0     |  0   |    0     |  0   |   0   |  0   |   0    |   1   |   0    |   0    |   1    |
|     tbl_defense4_timing2982     |   2    |    0     |  0   |    0     |  0   |   0   |  0   |   2    |   1   |   0    |   0    |   1    |
|     tbl_defense4_timing2985     |   2    |    0     |  0   |    0     |  0   |   0   |  0   |   2    |   1   |   0    |   0    |   1    |
|     tbl_defense4_timing3005     |   2    |    0     |  0   |    0     |  0   |   0   |  0   |   4    |   1   |   0    |   0    |   1    |
|     tbl_defense4_timing3007     |   2    |    0     |  0   |    0     |  0   |   0   |  0   |   4    |   1   |   0    |   0    |   1    |
|     tbl_defense4_timing3157     |   2    |    0     |  0   |    0     |  0   |   0   |  0   |   1    |   1   |   0    |   0    |   1    |
|     tbl_defense4_timing3158     |   2    |    0     |  0   |    0     |  0   |   0   |  0   |   1    |   1   |   0    |   0    |   1    |
|     tbl_defense4_timing3165     |   2    |    0     |  0   |    0     |  0   |   0   |  0   |   1    |   1   |   0    |   0    |   1    |
|      Ingress.reg_bor_epoch      |   3    |    2     |  16  |    0     |  2   |   0   |  2   |   0    |   0   |   0    |   0    |   0    |
|    Ingress.tbl_resp_authorise   |   3    |    11    |  0   |    0     |  1   |   3   |  0   |   0    |   3   |   0    |   0    |   1    |
|             cond-108            |   3    |    1     |  0   |    1     |  0   |   0   |  0   |   0    |   0   |   1    |   0    |   0    |
|             cond-109            |   3    |    1     |  0   |    1     |  0   |   0   |  0   |   0    |   0   |   1    |   0    |   0    |
|             cond-96             |   3    |    1     |  8   |    1     |  0   |   0   |  0   |   0    |   0   |   1    |   0    |   0    |
|     tbl_defense4_timing3154     |   3    |    0     |  0   |    0     |  0   |   0   |  0   |   2    |   1   |   0    |   0    |   1    |
|     tbl_defense4_timing3155     |   3    |    0     |  0   |    0     |  0   |   0   |  0   |   2    |   1   |   0    |   0    |   1    |
|     tbl_defense4_timing3156     |   3    |    0     |  0   |    0     |  0   |   0   |  0   |   2    |   1   |   0    |   0    |   1    |
|     tbl_defense4_timing3166     |   3    |    0     |  0   |    0     |  0   |   0   |  0   |   0    |   1   |   0    |   0    |   1    |
|         Ingress.reg_tag         |   4    |    2     |  16  |    0     |  2   |   0   |  2   |   0    |   0   |   0    |   0    |   0    |
|             cond-100            |   4    |    1     |  0   |    1     |  0   |   0   |  0   |   0    |   0   |   1    |   0    |   0    |
|             cond-101            |   4    |    1     |  0   |    1     |  0   |   0   |  0   |   0    |   0   |   1    |   0    |   0    |
|             cond-112            |   4    |    1     |  0   |    1     |  0   |   0   |  0   |   0    |   0   |   1    |   0    |   0    |
|             cond-113            |   4    |    2     |  0   |    1     |  0   |   0   |  0   |   0    |   0   |   1    |   0    |   0    |
|             cond-97             |   4    |    2     |  0   |    1     |  0   |   0   |  0   |   0    |   0   |   1    |   0    |   0    |
|             cond-98             |   4    |    1     |  0   |    1     |  0   |   0   |  0   |   0    |   0   |   1    |   0    |   0    |
|             cond-99             |   4    |    2     |  0   |    1     |  0   |   0   |  0   |   0    |   0   |   1    |   0    |   0    |
|     tbl_defense4_timing3033     |   4    |    0     |  0   |    0     |  0   |   0   |  0   |   3    |   1   |   0    |   0    |   1    |
|     tbl_defense4_timing3037     |   4    |    0     |  0   |    0     |  0   |   0   |  0   |   3    |   1   |   0    |   0    |   1    |
|     tbl_defense4_timing3043     |   4    |    0     |  0   |    0     |  0   |   0   |  0   |   3    |   1   |   0    |   0    |   1    |
|     tbl_defense4_timing3054     |   4    |    0     |  0   |    0     |  0   |   0   |  0   |   3    |   1   |   0    |   0    |   1    |
|     tbl_defense4_timing3056     |   4    |    0     |  0   |    0     |  0   |   0   |  0   |   3    |   1   |   0    |   0    |   1    |
|     tbl_defense4_timing3059     |   4    |    0     |  0   |    0     |  0   |   0   |  0   |   3    |   1   |   0    |   0    |   1    |
|     tbl_defense4_timing3169     |   4    |    0     |  0   |    0     |  0   |   0   |  0   |   0    |   1   |   0    |   0    |   1    |
|      Ingress.reg_bor_ready      |   5    |    1     |  0   |    0     |  2   |   0   |  2   |   0    |   0   |   0    |   0    |   0    |
|     Ingress.tbl_state_decode    |   5    |    12    |  0   |    0     |  1   |   3   |  0   |   0    |   11  |   0    |   0    |   1    |
|      Ingress.tbl_txn_active     |   5    |    1     |  0   |    0     |  1   |   1   |  0   |   0    |   3   |   0    |   0    |   1    |
|             cond-114            |   5    |    2     |  0   |    1     |  0   |   0   |  0   |   0    |   0   |   1    |   0    |   0    |
|             cond-115            |   5    |    1     |  0   |    1     |  0   |   0   |  0   |   0    |   0   |   1    |   0    |   0    |
|             cond-116            |   5    |    1     |  0   |    1     |  0   |   0   |  0   |   0    |   0   |   1    |   0    |   0    |
|             cond-117            |   5    |    1     |  0   |    1     |  0   |   0   |  0   |   0    |   0   |   1    |   0    |   0    |
|             cond-118            |   5    |    1     |  0   |    1     |  0   |   0   |  0   |   0    |   0   |   1    |   0    |   0    |
|             cond-120            |   5    |    1     |  0   |    1     |  0   |   0   |  0   |   0    |   0   |   1    |   0    |   0    |
|             cond-121            |   5    |    2     |  0   |    1     |  0   |   0   |  0   |   0    |   0   |   1    |   0    |   0    |
|     tbl_defense4_timing3170     |   5    |    0     |  0   |    0     |  0   |   0   |  0   |   2    |   1   |   0    |   0    |   1    |
|     tbl_defense4_timing3171     |   5    |    0     |  0   |    0     |  0   |   0   |  0   |   2    |   1   |   0    |   0    |   1    |
|     tbl_defense4_timing3172     |   5    |    0     |  0   |    0     |  0   |   0   |  0   |   2    |   1   |   0    |   0    |   1    |
|     tbl_defense4_timing3177     |   5    |    0     |  0   |    0     |  0   |   0   |  0   |   0    |   1   |   0    |   0    |   1    |
|     tbl_defense4_timing3180     |   5    |    0     |  0   |    0     |  0   |   0   |  0   |   0    |   1   |   0    |   0    |   1    |
|     tbl_defense4_timing3181     |   5    |    0     |  0   |    0     |  0   |   0   |  0   |   0    |   1   |   0    |   0    |   1    |
|     tbl_defense4_timing3182     |   5    |    0     |  0   |    0     |  0   |   0   |  0   |   0    |   1   |   0    |   0    |   1    |
|       Ingress.reg_ack_rel       |   6    |    2     |  16  |    0     |  2   |   0   |  2   |   0    |   0   |   0    |   0    |   0    |
|             cond-102            |   6    |    3     |  0   |    1     |  0   |   0   |  0   |   0    |   0   |   1    |   0    |   0    |
|             cond-106            |   6    |    1     |  0   |    1     |  0   |   0   |  0   |   0    |   0   |   1    |   0    |   0    |
|             cond-107            |   6    |    1     |  0   |    1     |  0   |   0   |  0   |   0    |   0   |   1    |   0    |   0    |
|             cond-119            |   6    |    2     |  0   |    1     |  0   |   0   |  0   |   0    |   0   |   1    |   0    |   0    |
|     tbl_defense4_timing3098     |   6    |    0     |  0   |    0     |  0   |   0   |  0   |   0    |   1   |   0    |   0    |   1    |
|     tbl_defense4_timing3138     |   6    |    0     |  0   |    0     |  0   |   0   |  0   |   1    |   1   |   0    |   0    |   1    |
|     tbl_defense4_timing3144     |   6    |    0     |  0   |    0     |  0   |   0   |  0   |   1    |   1   |   0    |   0    |   1    |
|     tbl_defense4_timing3178     |   6    |    0     |  0   |    0     |  0   |   0   |  0   |   0    |   1   |   0    |   0    |   1    |
|       Ingress.tbl_hold_ok       |   7    |    0     |  0   |    0     |  0   |   0   |  0   |   0    |   2   |   0    |   1    |   0    |
|             cond-103            |   7    |    2     |  0   |    1     |  0   |   0   |  0   |   0    |   0   |   1    |   0    |   0    |
|     tbl_defense4_timing3102     |   7    |    0     |  0   |    0     |  0   |   0   |  0   |   0    |   1   |   0    |   0    |   1    |
|      tbl_hold_ok_0-gateway      |   7    |    3     |  0   |    1     |  0   |   0   |  0   |   0    |   0   |   1    |   0    |   1    |
|       Ingress.reg_bor_topj      |   8    |    8     |  0   |    0     |  2   |   0   |  2   |   0    |   0   |   0    |   0    |   0    |
|       Ingress.reg_deadline      |   8    |    8     |  0   |    0     |  2   |   0   |  2   |   0    |   0   |   0    |   0    |   0    |
|        Ingress.reg_tresp        |   8    |    8     |  0   |    0     |  2   |   0   |  2   |   0    |   0   |   0    |   0    |   0    |
|             cond-104            |   8    |    1     |  0   |    1     |  0   |   0   |  0   |   0    |   0   |   1    |   0    |   0    |
|             cond-105            |   8    |    1     |  0   |    1     |  0   |   0   |  0   |   0    |   0   |   1    |   0    |   0    |
|             cond-122            |   8    |    1     |  0   |    1     |  0   |   0   |  0   |   0    |   0   |   1    |   0    |   0    |
|     tbl_defense4_timing3117     |   8    |    0     |  0   |    0     |  0   |   0   |  0   |   4    |   1   |   0    |   0    |   1    |
|     tbl_defense4_timing3119     |   8    |    0     |  0   |    0     |  0   |   0   |  0   |   4    |   1   |   0    |   0    |   1    |
|     tbl_defense4_timing3126     |   8    |    0     |  0   |    0     |  0   |   0   |  0   |   4    |   1   |   0    |   0    |   1    |
|     tbl_defense4_timing3128     |   8    |    0     |  0   |    0     |  0   |   0   |  0   |   4    |   1   |   0    |   0    |   1    |
|     tbl_defense4_timing3186     |   8    |    0     |  0   |    0     |  0   |   0   |  0   |   4    |   1   |   0    |   0    |   1    |
|   Ingress.tbl_deadline_expiry   |   9    |    0     |  0   |    0     |  0   |   0   |  0   |   0    |   2   |   0    |   1    |   0    |
|     Ingress.tbl_topj_expiry     |   9    |    0     |  0   |    0     |  0   |   0   |  0   |   0    |   2   |   0    |   1    |   0    |
|     Ingress.tbl_tresp_expiry    |   9    |    0     |  0   |    0     |  0   |   0   |  0   |   0    |   2   |   0    |   1    |   0    |
|             cond-123            |   9    |    4     |  0   |    1     |  0   |   0   |  0   |   0    |   0   |   1    |   0    |   0    |
|             cond-124            |   9    |    1     |  0   |    1     |  0   |   0   |  0   |   0    |   0   |   1    |   0    |   0    |
|             cond-125            |   9    |    1     |  0   |    1     |  0   |   0   |  0   |   0    |   0   |   1    |   0    |   0    |
|             cond-126            |   9    |    2     |  0   |    1     |  0   |   0   |  0   |   0    |   0   |   1    |   0    |   0    |
|             cond-127            |   9    |    1     |  0   |    1     |  0   |   0   |  0   |   0    |   0   |   1    |   0    |   0    |
|             cond-128            |   9    |    1     |  0   |    1     |  0   |   0   |  0   |   0    |   0   |   1    |   0    |   0    |
|             cond-131            |   9    |    1     |  0   |    1     |  0   |   0   |  0   |   0    |   0   |   1    |   0    |   0    |
|             cond-132            |   9    |    1     |  0   |    1     |  0   |   0   |  0   |   0    |   0   |   1    |   0    |   0    |
|             cond-133            |   9    |    1     |  0   |    1     |  0   |   0   |  0   |   0    |   0   |   1    |   0    |   0    |
|  tbl_deadline_expiry_0-gateway  |   9    |    4     |  0   |    1     |  0   |   0   |  0   |   0    |   0   |   1    |   0    |   1    |
|     tbl_defense4_timing3212     |   9    |    0     |  0   |    0     |  0   |   0   |  0   |   0    |   1   |   0    |   0    |   1    |
|     tbl_defense4_timing3220     |   9    |    0     |  0   |    0     |  0   |   0   |  0   |   0    |   1   |   0    |   0    |   1    |
|     tbl_defense4_timing3221     |   9    |    0     |  0   |    0     |  0   |   0   |  0   |   4    |   1   |   0    |   0    |   1    |
|     tbl_defense4_timing3224     |   9    |    0     |  0   |    0     |  0   |   0   |  0   |   4    |   1   |   0    |   0    |   1    |
|     tbl_defense4_timing3229     |   9    |    0     |  0   |    0     |  0   |   0   |  0   |   4    |   1   |   0    |   0    |   1    |
|     tbl_defense4_timing3232     |   9    |    0     |  0   |    0     |  0   |   0   |  0   |   4    |   1   |   0    |   0    |   1    |
|     tbl_defense4_timing3235     |   9    |    0     |  0   |    0     |  0   |   0   |  0   |   0    |   1   |   0    |   0    |   1    |
|    tbl_topj_expiry_0-gateway    |   9    |    4     |  0   |    1     |  0   |   0   |  0   |   0    |   0   |   1    |   0    |   1    |
|    tbl_tresp_expiry_0-gateway   |   9    |    4     |  0   |    1     |  0   |   0   |  0   |   0    |   0   |   1    |   0    |   1    |
|      Ingress.tbl_decide_deq     |   10   |    6     |  0   |    0     |  1   |   2   |  0   |   5    |   2   |   0    |   0    |   1    |
|     Ingress.tbl_decide_fresh    |   10   |    9     |  0   |    0     |  1   |   2   |  0   |   5    |   3   |   0    |   0    |   1    |
|             cond-129            |   10   |    2     |  0   |    1     |  0   |   0   |  0   |   0    |   0   |   1    |   0    |   0    |
|             cond-130            |   10   |    1     |  0   |    1     |  0   |   0   |  0   |   0    |   0   |   1    |   0    |   0    |
|             cond-134            |   10   |    1     |  0   |    1     |  0   |   0   |  0   |   0    |   0   |   1    |   0    |   0    |
|     tbl_defense4_timing3225     |   10   |    0     |  0   |    0     |  0   |   0   |  0   |   4    |   1   |   0    |   0    |   1    |
|     tbl_defense4_timing3226     |   10   |    0     |  0   |    0     |  0   |   0   |  0   |   4    |   1   |   0    |   0    |   1    |
|     tbl_defense4_timing3227     |   10   |    0     |  0   |    0     |  0   |   0   |  0   |   4    |   1   |   0    |   0    |   1    |
|       Ingress.ctr_outcome       |   11   |    0     |  0   |    0     |  3   |   0   |  3   |   0    |   0   |   0    |   0    |   0    |
|        Ingress.tbl_commit       |   11   |    2     |  40  |    0     |  4   |   0   |  0   |   0    |   10  |   1    |   1    |   0    |
--------------------------------------------------------------------------------------------------------------------------------------------
