2
1719
2
1745
2
1722
2
1722
2
1736
2
1743
2
1728
2
1766
2
1726
2
1723
2
1729
2
1741
2
1733
2
1736
2
1730
2
1731
2
1744
2
1733
2
1716
2
1738
2
1737
2
1742
2
1725
2
1723
2
1727
2
1742
2
1737
2
1746
2
1717
2
1731
2
1723
2
1751
2
1734
2
1729
2
1742
2
1736
2
1730
2
1725
2
1743
2
1739
2
1748
2
1731
2
1724
2
1737
2
1741
2
1735
2
1732
2
1734
2
1734
2
1741
2
1740
2
1718
2
1754
2
1721
2
1730
2
1726
2
1721
2
1727
2
1742
2
1731
2
1718
2
1739
2
1741
2
1737
2
1736
2
1735
2
1739
2
1744
2
1738
2
1734
2
1767
2
1724
2
1724
2
1727
2
1771
2
1728
2
1730
2
1734
2
1738
2
1750
2
1730
2
1743
2
1738
2
1729
2
1743
2
1742
2
1728
2
1731
2
1746
2
1719
2
1746
2
1719
2
1730
2
1740
2
1741
2
1725
2
1729
2
1743
2
1732
2
1719
