+---------------------------------------------------------------------+
|  Log file: mau.resources.log                                        |
|  Compiler version: 9.13.1                                           |
|  Created on: Fri Sep 25 16:49:27 2026                               |
|  Run ID: 1e0f7f5efe7047ac                                           |
+---------------------------------------------------------------------+


---------------------------------------------------------------------------------------------------------------------------------------------------------------------------------------------------------------------------------------------------------------------------------------------------------------------------------------------------------------
| Stage Number | Exact Match Input xbar | Ternary Match Input xbar | Hash Bit | Hash Dist Unit | Gateway | SRAM | Map RAM | TCAM | VLIW Instr | Meter ALU | Stats ALU | Stash | Exact Match Search Bus | Exact Match Result Bus | Tind Result Bus | Action Data Bus Bytes | 8-bit Action Slots | 16-bit Action Slots | 32-bit Action Slots | Logical TableID |
---------------------------------------------------------------------------------------------------------------------------------------------------------------------------------------------------------------------------------------------------------------------------------------------------------------------------------------------------------------
|      0       |           13           |            12            |    10    |       0        |    13   |  4   |    0    |  3   |     11     |     0     |     0     |   1   |           12           |           2            |        12       |           34          |         0          |          0          |          0          |        16       |
|      1       |           29           |            8             |    0     |       0        |    11   |  8   |    6    |  2   |     9      |     3     |     0     |   0   |           11           |           0            |        14       |           14          |         0          |          0          |          0          |        16       |
|      2       |           7            |            11            |    16    |       0        |    9    |  7   |    6    |  3   |     9      |     3     |     0     |   0   |           9            |           0            |        15       |           8           |         0          |          0          |          0          |        16       |
|      3       |           11           |            0             |    40    |       0        |    13   |  4   |    4    |  0   |     8      |     2     |     0     |   0   |           13           |           1            |        14       |           6           |         0          |          0          |          0          |        16       |
|      4       |           26           |            20            |    0     |       0        |    2    |  12  |    8    |  8   |     22     |     4     |     0     |   0   |           2            |           0            |        6        |           13          |         0          |          0          |          0          |        6        |
|      5       |           1            |            34            |    0     |       0        |    1    |  2   |    0    |  7   |     6      |     0     |     0     |   0   |           1            |           0            |        2        |           4           |         0          |          0          |          0          |        2        |
|      6       |           2            |            0             |    40    |       0        |    0    |  7   |    3    |  0   |     10     |     0     |     1     |   1   |           1            |           1            |        0        |           0           |         0          |          0          |          0          |        1        |
|      7       |           0            |            0             |    0     |       0        |    0    |  0   |    0    |  0   |     0      |     0     |     0     |   0   |           0            |           0            |        0        |           0           |         0          |          0          |          0          |        0        |
|      8       |           0            |            0             |    0     |       0        |    0    |  0   |    0    |  0   |     0      |     0     |     0     |   0   |           0            |           0            |        0        |           0           |         0          |          0          |          0          |        0        |
|      9       |           0            |            0             |    0     |       0        |    0    |  0   |    0    |  0   |     0      |     0     |     0     |   0   |           0            |           0            |        0        |           0           |         0          |          0          |          0          |        0        |
|      10      |           0            |            0             |    0     |       0        |    0    |  0   |    0    |  0   |     0      |     0     |     0     |   0   |           0            |           0            |        0        |           0           |         0          |          0          |          0          |        0        |
|      11      |           0            |            0             |    0     |       0        |    0    |  0   |    0    |  0   |     0      |     0     |     0     |   0   |           0            |           0            |        0        |           0           |         0          |          0          |          0          |        0        |
|              |                        |                          |          |                |         |      |         |      |            |           |           |       |                        |                        |                 |                       |                    |                     |                     |                 |
|    Totals    |           89           |            85            |   106    |       0        |    49   |  44  |    27   |  23  |     75     |     12    |     1     |   2   |           49           |           4            |        63       |           79          |         0          |          0          |          0          |        73       |
---------------------------------------------------------------------------------------------------------------------------------------------------------------------------------------------------------------------------------------------------------------------------------------------------------------------------------------------------------------


-------------------------------------------------------------------------------------------------------------------------------------------------------------------------------------------------------------------------------------------------------------------------------------------------------------------------------------------------------------------
| Stage Number | Exact Match Input xbar | Ternary Match Input xbar | Hash Bit | Hash Dist Unit | Gateway |  SRAM  | Map RAM |  TCAM  | VLIW Instr | Meter ALU | Stats ALU | Stash | Exact Match Search Bus | Exact Match Result Bus | Tind Result Bus | Action Data Bus Bytes | 8-bit Action Slots | 16-bit Action Slots | 32-bit Action Slots | Logical TableID |
-------------------------------------------------------------------------------------------------------------------------------------------------------------------------------------------------------------------------------------------------------------------------------------------------------------------------------------------------------------------
|      0       |         10.16%         |          18.18%          |  2.40%   |     0.00%      |  81.25% | 5.00%  |  0.00%  | 12.50% |   34.38%   |   0.00%   |   0.00%   | 6.25% |         75.00%         |         12.50%         |      75.00%     |         26.56%        |       0.00%        |        0.00%        |        0.00%        |     100.00%     |
|      1       |         22.66%         |          12.12%          |  0.00%   |     0.00%      |  68.75% | 10.00% |  12.50% | 8.33%  |   28.12%   |   75.00%  |   0.00%   | 0.00% |         68.75%         |         0.00%          |      87.50%     |         10.94%        |       0.00%        |        0.00%        |        0.00%        |     100.00%     |
|      2       |         5.47%          |          16.67%          |  3.85%   |     0.00%      |  56.25% | 8.75%  |  12.50% | 12.50% |   28.12%   |   75.00%  |   0.00%   | 0.00% |         56.25%         |         0.00%          |      93.75%     |         6.25%         |       0.00%        |        0.00%        |        0.00%        |     100.00%     |
|      3       |         8.59%          |          0.00%           |  9.62%   |     0.00%      |  81.25% | 5.00%  |  8.33%  | 0.00%  |   25.00%   |   50.00%  |   0.00%   | 0.00% |         81.25%         |         6.25%          |      87.50%     |         4.69%         |       0.00%        |        0.00%        |        0.00%        |     100.00%     |
|      4       |         20.31%         |          30.30%          |  0.00%   |     0.00%      |  12.50% | 15.00% |  16.67% | 33.33% |   68.75%   |  100.00%  |   0.00%   | 0.00% |         12.50%         |         0.00%          |      37.50%     |         10.16%        |       0.00%        |        0.00%        |        0.00%        |      37.50%     |
|      5       |         0.78%          |          51.52%          |  0.00%   |     0.00%      |  6.25%  | 2.50%  |  0.00%  | 29.17% |   18.75%   |   0.00%   |   0.00%   | 0.00% |         6.25%          |         0.00%          |      12.50%     |         3.12%         |       0.00%        |        0.00%        |        0.00%        |      12.50%     |
|      6       |         1.56%          |          0.00%           |  9.62%   |     0.00%      |  0.00%  | 8.75%  |  6.25%  | 0.00%  |   31.25%   |   0.00%   |   25.00%  | 6.25% |         6.25%          |         6.25%          |      0.00%      |         0.00%         |       0.00%        |        0.00%        |        0.00%        |      6.25%      |
|      7       |         0.00%          |          0.00%           |  0.00%   |     0.00%      |  0.00%  | 0.00%  |  0.00%  | 0.00%  |   0.00%    |   0.00%   |   0.00%   | 0.00% |         0.00%          |         0.00%          |      0.00%      |         0.00%         |       0.00%        |        0.00%        |        0.00%        |      0.00%      |
|      8       |         0.00%          |          0.00%           |  0.00%   |     0.00%      |  0.00%  | 0.00%  |  0.00%  | 0.00%  |   0.00%    |   0.00%   |   0.00%   | 0.00% |         0.00%          |         0.00%          |      0.00%      |         0.00%         |       0.00%        |        0.00%        |        0.00%        |      0.00%      |
|      9       |         0.00%          |          0.00%           |  0.00%   |     0.00%      |  0.00%  | 0.00%  |  0.00%  | 0.00%  |   0.00%    |   0.00%   |   0.00%   | 0.00% |         0.00%          |         0.00%          |      0.00%      |         0.00%         |       0.00%        |        0.00%        |        0.00%        |      0.00%      |
|      10      |         0.00%          |          0.00%           |  0.00%   |     0.00%      |  0.00%  | 0.00%  |  0.00%  | 0.00%  |   0.00%    |   0.00%   |   0.00%   | 0.00% |         0.00%          |         0.00%          |      0.00%      |         0.00%         |       0.00%        |        0.00%        |        0.00%        |      0.00%      |
|      11      |         0.00%          |          0.00%           |  0.00%   |     0.00%      |  0.00%  | 0.00%  |  0.00%  | 0.00%  |   0.00%    |   0.00%   |   0.00%   | 0.00% |         0.00%          |         0.00%          |      0.00%      |         0.00%         |       0.00%        |        0.00%        |        0.00%        |      0.00%      |
|              |                        |                          |          |                |         |        |         |        |            |           |           |       |                        |                        |                 |                       |                    |                     |                     |                 |
|   Average    |         9.93%          |          18.40%          |  3.64%   |     0.00%      |  43.75% | 7.86%  |  8.04%  | 13.69% |   33.48%   |   42.86%  |   3.57%   | 1.79% |         43.75%         |         3.57%          |      56.25%     |         8.82%         |       0.00%        |        0.00%        |        0.00%        |      65.18%     |
-------------------------------------------------------------------------------------------------------------------------------------------------------------------------------------------------------------------------------------------------------------------------------------------------------------------------------------------------------------------


Allocated Resource Usage
--------------------------------------------------------------------------------------------------------------------------------------------
|              Table              | Stage  | Crossbar | Hash | Gateways | RAMs | TCAMs | Map  | Action |  VLIW |  Exm   |  Exm   |  Tind  |
|               Name              | Number |  Bytes   | Bits |          |      |       | RAMs |  Data  | Slots | Search | Result | Result |
|                                 |        |          |      |          |      |       |      |  Bus   |       |  Bus   |  Bus   |  Bus   |
|                                 |        |          |      |          |      |       |      | Bytes  |       |        |        |        |
--------------------------------------------------------------------------------------------------------------------------------------------
|     IgParser.$PORT_METADATA     |   -1   |    0     |  0   |    0     |  0   |   0   |  0   |   0    |   0   |   0    |   0    |   0    |
|      Ingress.tbl_bor_params     |   0    |    0     |  0   |    0     |  0   |   0   |  0   |   10   |   1   |   0    |   0    |   1    |
|  Ingress.tbl_bor_params$action  |   0    |    0     |  0   |    0     |  1   |   0   |  0   |   0    |   0   |   0    |   0    |   0    |
|    Ingress.tbl_build_exp_ack    |   0    |    1     |  10  |    0     |  1   |   0   |  0   |   4    |   3   |   1    |   1    |   0    |
|        Ingress.tbl_params       |   0    |    0     |  0   |    0     |  0   |   0   |  0   |   14   |   1   |   0    |   0    |   1    |
|    Ingress.tbl_params$action    |   0    |    0     |  0   |    0     |  1   |   0   |  0   |   0    |   0   |   0    |   0    |   0    |
|       Ingress.tbl_session       |   0    |    12    |  0   |    0     |  1   |   3   |  0   |   0    |   3   |   0    |   0    |   1    |
|             cond-48             |   0    |    1     |  0   |    1     |  0   |   0   |  0   |   0    |   0   |   1    |   0    |   0    |
|             cond-49             |   0    |    4     |  0   |    1     |  0   |   0   |  0   |   0    |   0   |   1    |   0    |   0    |
|             cond-51             |   0    |    1     |  0   |    1     |  0   |   0   |  0   |   0    |   0   |   1    |   0    |   0    |
|             cond-52             |   0    |    1     |  0   |    1     |  0   |   0   |  0   |   0    |   0   |   1    |   0    |   0    |
|             cond-53             |   0    |    1     |  0   |    1     |  0   |   0   |  0   |   0    |   0   |   1    |   0    |   0    |
|             cond-54             |   0    |    1     |  0   |    1     |  0   |   0   |  0   |   0    |   0   |   1    |   0    |   0    |
|             cond-55             |   0    |    1     |  0   |    1     |  0   |   0   |  0   |   0    |   0   |   1    |   0    |   0    |
|             cond-62             |   0    |    1     |  0   |    1     |  0   |   0   |  0   |   0    |   0   |   1    |   0    |   0    |
|             cond-63             |   0    |    1     |  0   |    1     |  0   |   0   |  0   |   0    |   0   |   1    |   0    |   0    |
|             cond-67             |   0    |    2     |  0   |    1     |  0   |   0   |  0   |   0    |   0   |   1    |   0    |   0    |
|             cond-68             |   0    |    1     |  0   |    1     |  0   |   0   |  0   |   0    |   0   |   1    |   0    |   0    |
|             cond-69             |   0    |    1     |  0   |    1     |  0   |   0   |  0   |   0    |   0   |   1    |   0    |   0    |
|     tbl_defense4_timing2979     |   0    |    0     |  0   |    0     |  0   |   0   |  0   |   4    |   1   |   0    |   0    |   1    |
|     tbl_defense4_timing2985     |   0    |    0     |  0   |    0     |  0   |   0   |  0   |   0    |   1   |   0    |   0    |   1    |
|     tbl_defense4_timing3020     |   0    |    0     |  0   |    0     |  0   |   0   |  0   |   0    |   1   |   0    |   0    |   1    |
|     tbl_defense4_timing3021     |   0    |    0     |  0   |    0     |  0   |   0   |  0   |   0    |   1   |   0    |   0    |   1    |
|     tbl_defense4_timing3022     |   0    |    0     |  0   |    0     |  0   |   0   |  0   |   0    |   1   |   0    |   0    |   1    |
|     tbl_defense4_timing3033     |   0    |    0     |  0   |    0     |  0   |   0   |  0   |   2    |   1   |   0    |   1    |   0    |
| tbl_defense4_timing3033-gateway |   0    |    0     |  0   |    1     |  0   |   0   |  0   |   0    |   0   |   1    |   0    |   0    |
|     tbl_defense4_timing3064     |   0    |    0     |  0   |    0     |  0   |   0   |  0   |   0    |   1   |   0    |   0    |   1    |
|     tbl_defense4_timing3088     |   0    |    0     |  0   |    0     |  0   |   0   |  0   |   0    |   1   |   0    |   0    |   1    |
|     tbl_defense4_timing3094     |   0    |    0     |  0   |    0     |  0   |   0   |  0   |   0    |   1   |   0    |   0    |   1    |
|     tbl_defense4_timing3104     |   0    |    0     |  0   |    0     |  0   |   0   |  0   |   0    |   1   |   0    |   0    |   1    |
|       Ingress.reg_exp_ack       |   1    |    8     |  0   |    0     |  2   |   0   |  2   |   0    |   0   |   0    |   0    |   0    |
|    Ingress.reg_exp_relay_seq    |   1    |    8     |  0   |    0     |  2   |   0   |  2   |   0    |   0   |   0    |   0    |   0    |
|     Ingress.reg_session_port    |   1    |    4     |  0   |    0     |  2   |   0   |  2   |   0    |   0   |   0    |   0    |   0    |
|     Ingress.tbl_bor_codebook    |   1    |    4     |  0   |    0     |  0   |   1   |  0   |   4    |   1   |   0    |   0    |   0    |
| Ingress.tbl_bor_codebook$action |   1    |    0     |  0   |    0     |  1   |   0   |  0   |   0    |   0   |   0    |   0    |   0    |
|      Ingress.tbl_build_now      |   1    |    0     |  0   |    0     |  0   |   0   |  0   |   0    |   1   |   0    |   0    |   1    |
|     Ingress.tbl_expected_ack    |   1    |    4     |  0   |    0     |  1   |   1   |  0   |   4    |   2   |   0    |   0    |   1    |
|             cond-50             |   1    |    1     |  0   |    1     |  0   |   0   |  0   |   0    |   0   |   1    |   0    |   0    |
|             cond-56             |   1    |    1     |  0   |    1     |  0   |   0   |  0   |   0    |   0   |   1    |   0    |   0    |
|             cond-57             |   1    |    2     |  0   |    1     |  0   |   0   |  0   |   0    |   0   |   1    |   0    |   0    |
|             cond-58             |   1    |    2     |  0   |    1     |  0   |   0   |  0   |   0    |   0   |   1    |   0    |   0    |
|             cond-59             |   1    |    2     |  0   |    1     |  0   |   0   |  0   |   0    |   0   |   1    |   0    |   0    |
|             cond-60             |   1    |    2     |  0   |    1     |  0   |   0   |  0   |   0    |   0   |   1    |   0    |   0    |
|             cond-61             |   1    |    2     |  0   |    1     |  0   |   0   |  0   |   0    |   0   |   1    |   0    |   0    |
|             cond-64             |   1    |    2     |  0   |    1     |  0   |   0   |  0   |   0    |   0   |   1    |   0    |   0    |
|             cond-65             |   1    |    3     |  0   |    1     |  0   |   0   |  0   |   0    |   0   |   1    |   0    |   0    |
|             cond-66             |   1    |    3     |  0   |    1     |  0   |   0   |  0   |   0    |   0   |   1    |   0    |   0    |
|             cond-70             |   1    |    1     |  0   |    1     |  0   |   0   |  0   |   0    |   0   |   1    |   0    |   0    |
|     tbl_defense4_timing2988     |   1    |    0     |  0   |    0     |  0   |   0   |  0   |   0    |   1   |   0    |   0    |   1    |
|     tbl_defense4_timing3026     |   1    |    0     |  0   |    0     |  0   |   0   |  0   |   0    |   1   |   0    |   0    |   1    |
|     tbl_defense4_timing3027     |   1    |    0     |  0   |    0     |  0   |   0   |  0   |   0    |   1   |   0    |   0    |   1    |
|     tbl_defense4_timing3028     |   1    |    0     |  0   |    0     |  0   |   0   |  0   |   0    |   1   |   0    |   0    |   1    |
|     tbl_defense4_timing3030     |   1    |    0     |  0   |    0     |  0   |   0   |  0   |   0    |   1   |   0    |   0    |   1    |
|     tbl_defense4_timing3031     |   1    |    0     |  0   |    0     |  0   |   0   |  0   |   0    |   1   |   0    |   0    |   1    |
|     tbl_defense4_timing3066     |   1    |    0     |  0   |    0     |  0   |   0   |  0   |   0    |   1   |   0    |   0    |   1    |
|     tbl_defense4_timing3069     |   1    |    0     |  0   |    0     |  0   |   0   |  0   |   0    |   1   |   0    |   0    |   1    |
|     tbl_defense4_timing3072     |   1    |    0     |  0   |    0     |  0   |   0   |  0   |   0    |   1   |   0    |   0    |   1    |
|     tbl_defense4_timing3120     |   1    |    0     |  0   |    0     |  0   |   0   |  0   |   4    |   1   |   0    |   0    |   1    |
|     tbl_defense4_timing3121     |   1    |    0     |  0   |    0     |  0   |   0   |  0   |   4    |   1   |   0    |   0    |   1    |
|     tbl_defense4_timing3122     |   1    |    0     |  0   |    0     |  0   |   0   |  0   |   2    |   1   |   0    |   0    |   1    |
|      Ingress.reg_bor_epoch      |   2    |    2     |  16  |    0     |  2   |   0   |  2   |   0    |   0   |   0    |   0    |   0    |
|       Ingress.reg_bor_gen       |   2    |    1     |  0   |    0     |  2   |   0   |  2   |   0    |   0   |   0    |   0    |   0    |
|       Ingress.reg_failopen      |   2    |    1     |  0   |    0     |  2   |   0   |  2   |   0    |   0   |   0    |   0    |   0    |
|      Ingress.tbl_build_cand     |   2    |    0     |  0   |    0     |  0   |   0   |  0   |   0    |   1   |   0    |   0    |   1    |
|   Ingress.tbl_build_cand_resp   |   2    |    0     |  0   |    0     |  0   |   0   |  0   |   0    |   1   |   0    |   0    |   1    |
|    Ingress.tbl_resp_authorise   |   2    |    11    |  0   |    0     |  1   |   3   |  0   |   0    |   3   |   0    |   0    |   1    |
|             cond-71             |   2    |    1     |  0   |    1     |  0   |   0   |  0   |   0    |   0   |   1    |   0    |   0    |
|             cond-72             |   2    |    1     |  0   |    1     |  0   |   0   |  0   |   0    |   0   |   1    |   0    |   0    |
|             cond-73             |   2    |    1     |  0   |    1     |  0   |   0   |  0   |   0    |   0   |   1    |   0    |   0    |
|             cond-74             |   2    |    2     |  0   |    1     |  0   |   0   |  0   |   0    |   0   |   1    |   0    |   0    |
|             cond-83             |   2    |    1     |  0   |    1     |  0   |   0   |  0   |   0    |   0   |   1    |   0    |   0    |
|             cond-84             |   2    |    1     |  0   |    1     |  0   |   0   |  0   |   0    |   0   |   1    |   0    |   0    |
|             cond-85             |   2    |    1     |  0   |    1     |  0   |   0   |  0   |   0    |   0   |   1    |   0    |   0    |
|             cond-86             |   2    |    1     |  0   |    1     |  0   |   0   |  0   |   0    |   0   |   1    |   0    |   0    |
|             cond-87             |   2    |    1     |  0   |    1     |  0   |   0   |  0   |   0    |   0   |   1    |   0    |   0    |
|     tbl_defense4_timing3039     |   2    |    0     |  0   |    0     |  0   |   0   |  0   |   0    |   1   |   0    |   0    |   1    |
|     tbl_defense4_timing3140     |   2    |    0     |  0   |    0     |  0   |   0   |  0   |   0    |   1   |   0    |   0    |   1    |
|     tbl_defense4_timing3142     |   2    |    0     |  0   |    0     |  0   |   0   |  0   |   4    |   1   |   0    |   0    |   1    |
|     tbl_defense4_timing3145     |   2    |    0     |  0   |    0     |  0   |   0   |  0   |   4    |   1   |   0    |   0    |   1    |
|     tbl_defense4_timing3224     |   2    |    0     |  0   |    0     |  0   |   0   |  0   |   3    |   1   |   0    |   0    |   1    |
|     tbl_defense4_timing3225     |   2    |    0     |  0   |    0     |  0   |   0   |  0   |   3    |   1   |   0    |   0    |   1    |
|     tbl_defense4_timing3226     |   2    |    0     |  0   |    0     |  0   |   0   |  0   |   3    |   1   |   0    |   0    |   1    |
|     tbl_defense4_timing3227     |   2    |    0     |  0   |    0     |  0   |   0   |  0   |   3    |   1   |   0    |   0    |   1    |
|     tbl_defense4_timing3228     |   2    |    0     |  0   |    0     |  0   |   0   |  0   |   1    |   1   |   0    |   0    |   1    |
|     tbl_defense4_timing3229     |   2    |    0     |  0   |    0     |  0   |   0   |  0   |   1    |   1   |   0    |   0    |   1    |
|     tbl_defense4_timing3236     |   2    |    0     |  0   |    0     |  0   |   0   |  0   |   1    |   1   |   0    |   0    |   1    |
|     tbl_defense4_timing3237     |   2    |    0     |  0   |    0     |  0   |   0   |  0   |   0    |   1   |   0    |   0    |   1    |
|      Ingress.reg_bor_ready      |   3    |    2     |  16  |    0     |  2   |   0   |  2   |   0    |   0   |   0    |   0    |   0    |
|         Ingress.reg_tag         |   3    |    2     |  16  |    0     |  2   |   0   |  2   |   0    |   0   |   0    |   0    |   0    |
|   Ingress.tbl_select_deadlines  |   3    |    0     |  0   |    0     |  0   |   0   |  0   |   0    |   2   |   0    |   1    |   0    |
|             cond-75             |   3    |    1     |  8   |    1     |  0   |   0   |  0   |   0    |   0   |   1    |   0    |   0    |
|             cond-76             |   3    |    2     |  0   |    1     |  0   |   0   |  0   |   0    |   0   |   1    |   0    |   0    |
|             cond-77             |   3    |    1     |  0   |    1     |  0   |   0   |  0   |   0    |   0   |   1    |   0    |   0    |
|             cond-78             |   3    |    2     |  0   |    1     |  0   |   0   |  0   |   0    |   0   |   1    |   0    |   0    |
|             cond-79             |   3    |    1     |  0   |    1     |  0   |   0   |  0   |   0    |   0   |   1    |   0    |   0    |
|             cond-80             |   3    |    1     |  0   |    1     |  0   |   0   |  0   |   0    |   0   |   1    |   0    |   0    |
|             cond-88             |   3    |    2     |  0   |    1     |  0   |   0   |  0   |   0    |   0   |   1    |   0    |   0    |
|             cond-89             |   3    |    1     |  0   |    1     |  0   |   0   |  0   |   0    |   0   |   1    |   0    |   0    |
|             cond-90             |   3    |    1     |  0   |    1     |  0   |   0   |  0   |   0    |   0   |   1    |   0    |   0    |
|             cond-91             |   3    |    1     |  0   |    1     |  0   |   0   |  0   |   0    |   0   |   1    |   0    |   0    |
|             cond-92             |   3    |    1     |  0   |    1     |  0   |   0   |  0   |   0    |   0   |   1    |   0    |   0    |
|             cond-93             |   3    |    2     |  0   |    1     |  0   |   0   |  0   |   0    |   0   |   1    |   0    |   0    |
|     tbl_defense4_timing2976     |   3    |    0     |  0   |    0     |  0   |   0   |  0   |   0    |   1   |   0    |   0    |   1    |
|     tbl_defense4_timing3166     |   3    |    0     |  0   |    0     |  0   |   0   |  0   |   2    |   1   |   0    |   0    |   1    |
|     tbl_defense4_timing3170     |   3    |    0     |  0   |    0     |  0   |   0   |  0   |   2    |   1   |   0    |   0    |   1    |
|     tbl_defense4_timing3176     |   3    |    0     |  0   |    0     |  0   |   0   |  0   |   2    |   1   |   0    |   0    |   1    |
|     tbl_defense4_timing3187     |   3    |    0     |  0   |    0     |  0   |   0   |  0   |   2    |   1   |   0    |   0    |   1    |
|     tbl_defense4_timing3189     |   3    |    0     |  0   |    0     |  0   |   0   |  0   |   2    |   1   |   0    |   0    |   1    |
|     tbl_defense4_timing3192     |   3    |    0     |  0   |    0     |  0   |   0   |  0   |   2    |   1   |   0    |   0    |   1    |
|     tbl_defense4_timing3239     |   3    |    0     |  0   |    0     |  0   |   0   |  0   |   4    |   1   |   0    |   0    |   1    |
|     tbl_defense4_timing3240     |   3    |    0     |  0   |    0     |  0   |   0   |  0   |   4    |   1   |   0    |   0    |   1    |
|     tbl_defense4_timing3241     |   3    |    0     |  0   |    0     |  0   |   0   |  0   |   4    |   1   |   0    |   0    |   1    |
|     tbl_defense4_timing3245     |   3    |    0     |  0   |    0     |  0   |   0   |  0   |   0    |   1   |   0    |   0    |   1    |
|     tbl_defense4_timing3246     |   3    |    0     |  0   |    0     |  0   |   0   |  0   |   0    |   1   |   0    |   0    |   1    |
|     tbl_defense4_timing3247     |   3    |    0     |  0   |    0     |  0   |   0   |  0   |   0    |   1   |   0    |   0    |   1    |
|  tbl_select_deadlines_0-gateway |   3    |    2     |  0   |    1     |  0   |   0   |  0   |   0    |   0   |   1    |   0    |   1    |
|       Ingress.reg_ack_rel       |   4    |    1     |  0   |    0     |  2   |   0   |  2   |   0    |   0   |   0    |   0    |   0    |
|       Ingress.reg_bor_topj      |   4    |    8     |  0   |    0     |  2   |   0   |  2   |   0    |   0   |   0    |   0    |   0    |
|       Ingress.reg_deadline      |   4    |    8     |  0   |    0     |  2   |   0   |  2   |   0    |   0   |   0    |   0    |   0    |
|        Ingress.reg_tresp        |   4    |    8     |  0   |    0     |  2   |   0   |  2   |   0    |   0   |   0    |   0    |   0    |
|       Ingress.tbl_hold_ok       |   4    |    4     |  0   |    0     |  1   |   1   |  0   |   4    |   3   |   0    |   0    |   1    |
|    Ingress.tbl_resp_deadline    |   4    |    15    |  0   |    0     |  1   |   3   |  0   |   4    |   4   |   0    |   0    |   1    |
|     Ingress.tbl_state_decode    |   4    |    15    |  0   |    0     |  1   |   3   |  0   |   4    |   24  |   0    |   0    |   1    |
|      Ingress.tbl_txn_active     |   4    |    1     |  0   |    0     |  1   |   1   |  0   |   0    |   3   |   0    |   0    |   1    |
|             cond-81             |   4    |    1     |  0   |    1     |  0   |   0   |  0   |   0    |   0   |   1    |   0    |   0    |
|             cond-82             |   4    |    1     |  0   |    1     |  0   |   0   |  0   |   0    |   0   |   1    |   0    |   0    |
|     tbl_defense4_timing3207     |   4    |    0     |  0   |    0     |  0   |   0   |  0   |   1    |   1   |   0    |   0    |   1    |
|     tbl_defense4_timing3213     |   4    |    0     |  0   |    0     |  0   |   0   |  0   |   1    |   1   |   0    |   0    |   1    |
|      Ingress.tbl_decide_deq     |   5    |    18    |  0   |    0     |  1   |   4   |  0   |   2    |   2   |   0    |   0    |   1    |
|     Ingress.tbl_decide_fresh    |   5    |    16    |  0   |    0     |  1   |   3   |  0   |   2    |   4   |   0    |   0    |   1    |
|             cond-94             |   5    |    1     |  0   |    1     |  0   |   0   |  0   |   0    |   0   |   1    |   0    |   0    |
|       Ingress.ctr_outcome       |   6    |    0     |  0   |    0     |  3   |   0   |  3   |   0    |   0   |   0    |   0    |   0    |
|        Ingress.tbl_commit       |   6    |    2     |  40  |    0     |  4   |   0   |  0   |   0    |   10  |   1    |   1    |   0    |
--------------------------------------------------------------------------------------------------------------------------------------------
