1789491375.552603 2304128
1789491375.559205 2304128
1789491375.565599 2304128
1789491375.571923 2304128
1789491375.578773 2304128
1789491375.585530 2304128
1789491375.592216 2304128
1789491375.600243 2304128
1789491375.607487 2304128
1789491375.613830 2304128
1789491375.620353 2304128
1789491375.627074 2304128
1789491375.633779 2304128
1789491375.640476 2304128
1789491375.647137 2304128
1789491375.653826 2304128
1789491375.660237 2304128
1789491375.666545 2304128
1789491375.673148 2304128
1789491375.679712 2304128
1789491375.693165 2304128
1789491375.699885 2304128
1789491375.706447 2304128
1789491375.713218 2304128
1789491375.719966 2304128
1789491375.726668 2304128
1789491375.732916 2304128
1789491375.739051 2304128
1789491375.745796 2304128
1789491375.752381 2304128
1789491375.759134 2304128
1789491375.765910 2304128
1789491375.772776 2304128
1789491375.779335 2304128
1789491375.785965 2304128
1789491375.791962 2304128
1789491375.798093 2304128
1789491375.804419 2304128
1789491375.810745 2304128
1789491375.817113 2304128
1789491375.823533 2304128
1789491375.829570 2304128
1789491375.835651 2304128
1789491375.841866 2304128
1789491375.848166 2304128
1789491375.854128 2304128
1789491375.860380 2304128
1789491375.866396 2304128
1789491375.872569 2304128
1789491375.878767 2304128
1789491375.885211 2304128
1789491375.891524 2304128
1789491375.897751 2304128
1789491375.904042 2304128
1789491375.910254 2304128
1789491375.916603 2304128
1789491375.923031 2304128
1789491375.929346 2304128
1789491375.935395 2304128
1789491375.941411 2304128
1789491375.947639 2304128
1789491375.953792 2304128
1789491375.960164 2304128
1789491375.966495 2304128
1789491375.972966 2304128
1789491375.979346 2304128
1789491375.985735 2304128
1789491375.991908 2304128
1789491375.998066 2304128
1789491376.004399 2304128
1789491376.010728 2304128
1789491376.016939 2304128
1789491376.023142 2304128
1789491376.029466 2304128
1789491376.035888 2304128
1789491376.042114 2304128
1789491376.048565 2304128
1789491376.055187 2304128
1789491376.061873 2304128
1789491376.068324 2304128
1789491376.074720 2304128
1789491376.081182 2304128
1789491376.087681 2304128
1789491376.094318 2304128
1789491376.100807 2304128
1789491376.107264 2304128
1789491376.113922 2304128
1789491376.120501 2304128
1789491376.126965 2304128
1789491376.133607 2304128
1789491376.140244 2304128
1789491376.146841 2304128
1789491376.153787 2304128
1789491376.160278 2304128
1789491376.166726 2304128
1789491376.173453 2304128
1789491376.180032 2304128
1789491376.186728 2304128
1789491376.193454 2304128
1789491376.200330 2304128
1789491376.207173 2304128
1789491376.213980 2304128
1789491376.220523 2304128
1789491376.226973 2304128
1789491376.233557 2304128
1789491376.240243 2304128
1789491376.246974 2304128
1789491376.253813 2304128
1789491376.260697 2304128
1789491376.267860 2304128
1789491376.275097 2304128
1789491376.281713 2304128
1789491376.288272 2304128
1789491376.295123 2304128
1789491376.302219 2304128
1789491376.309355 2304128
1789491376.316066 2304128
1789491376.322761 2304128
1789491376.329302 2304128
1789491376.335783 2304128
1789491376.342460 2304128
1789491376.349204 2304128
1789491376.356070 2304128
1789491376.362617 2304128
1789491376.369576 2304128
1789491376.376101 2304128
1789491376.382641 2304128
1789491376.389092 2304128
1789491376.402400 2304128
1789491376.409231 2304128
1789491376.415717 2304128
1789491376.422276 2304128
1789491376.429163 2304128
1789491376.435941 2304128
1789491376.442767 2304128
1789491376.449160 2304128
1789491376.455680 2304128
1789491376.462213 2304128
1789491376.468906 2304128
1789491376.475590 2304128
1789491376.482432 2304128
1789491376.489183 2304128
1789491376.496001 2304128
1789491376.502805 2304128
1789491376.509330 2304128
1789491376.515804 2304128
1789491376.522366 2304128
1789491376.529030 2304128
1789491376.535772 2304128
1789491376.542592 2304128
1789491376.549402 2304128
1789491376.555954 2304128
1789491376.562531 2304128
1789491376.569040 2304128
1789491376.575399 2304128
1789491376.581996 2304128
1789491376.588641 2304128
1789491376.595426 2304128
1789491376.602177 2304128
1789491376.609084 2304128
1789491376.615882 2304128
1789491376.622676 2304128
1789491376.629078 2304128
1789491376.635416 2304128
1789491376.642126 2304128
1789491376.648484 2304128
1789491376.655018 2304128
1789491376.661705 2304128
1789491376.668541 2304128
1789491376.675250 2304128
1789491376.682065 2304128
1789491376.688592 2304128
1789491376.695083 2304128
1789491376.701680 2304128
1789491376.708246 2304128
1789491376.714961 2304128
1789491376.721770 2304128
1789491376.728414 2304128
1789491376.735212 2304128
1789491376.742135 2304128
1789491376.748627 2304128
1789491376.754991 2304128
1789491376.761846 2304128
1789491376.768662 2304128
1789491376.775519 2304128
1789491376.782261 2304128
1789491376.789169 2304128
1789491376.795629 2304128
1789491376.802148 2304128
1789491376.808848 2304128
1789491376.815491 2304128
1789491376.822220 2304128
1789491376.829072 2304128
1789491376.835875 2304128
1789491376.842675 2304128
1789491376.849566 2304128
1789491376.856239 2304128
1789491376.862838 2304128
1789491376.869260 2304128
1789491376.875662 2304128
1789491376.882421 2304128
1789491376.889276 2304128
1789491376.896055 2304128
1789491376.902805 2304128
1789491376.909664 2304128
1789491376.916304 2304128
1789491376.922853 2304128
1789491376.929245 2304128
1789491376.935492 2304128
1789491376.942049 2304128
1789491376.948603 2304128
1789491376.955238 2304128
1789491376.961949 2304128
1789491376.968719 2304128
1789491376.975391 2304128
1789491376.981999 2304128
1789491376.988387 2304128
1789491376.994663 2304128
1789491377.001584 2304128
1789491377.007774 2304128
1789491377.014216 2304128
1789491377.020603 2304128
1789491377.027056 2304128
1789491377.033504 2304128
1789491377.040117 2304128
1789491377.046650 2304128
1789491377.053331 2304128
1789491377.059888 2304128
1789491377.066579 2304128
1789491377.072833 2304128
1789491377.079124 2304128
1789491377.085638 2304128
1789491377.092171 2304128
1789491377.098665 2304128
1789491377.105139 2304128
1789491377.111575 2304128
1789491377.125048 2304128
1789491377.131689 2304128
1789491377.138320 2304128
1789491377.145010 2304128
1789491377.151309 2304128
1789491377.157584 2304128
1789491377.163682 2304128
1789491377.169816 2304128
1789491377.175920 2304128
1789491377.182001 2304128
1789491377.188138 2304128
1789491377.194332 2304128
1789491377.200378 2304128
1789491377.206434 2304128
1789491377.212694 2304128
1789491377.224416 2304128
1789491377.230554 2304128
1789491377.236773 2304128
1789491377.248378 2304128
1789491377.254828 2304128
1789491377.261305 2304128
1789491377.267903 2304128
1789491377.274330 2304128
1789491377.280704 2304128
1789491377.287107 2304128
1789491377.293476 2304128
1789491377.299636 2304128
1789491377.305788 2304128
1789491377.311973 2304128
1789491377.318113 2304128
1789491377.324498 2304128
1789491377.330824 2304128
1789491377.337165 2304128
1789491377.343276 2304128
1789491377.349634 2304128
1789491377.356231 2304128
1789491377.362619 2304128
1789491377.369035 2304128
1789491377.375264 2304128
1789491377.381563 2304128
1789491377.387635 2304128
1789491377.394026 2304128
1789491377.400504 2304128
1789491377.406976 2304128
1789491377.413674 2304128
1789491377.420046 2304128
1789491377.426352 2304128
1789491377.432915 2304128
1789491377.439482 2304128
1789491377.445708 2304128
1789491377.452049 2304128
1789491377.458580 2304128
1789491377.465069 2304128
1789491377.471500 2304128
1789491377.477902 2304128
1789491377.484381 2304128
1789491377.490870 2304128
1789491377.497255 2304128
1789491377.503427 2304128
1789491377.509342 2304128
1789491377.515391 2304128
1789491377.521301 2304128
1789491377.527350 2304128
1789491377.533252 2304128
1789491377.539254 2304128
1789491377.545249 2304128
1789491377.551437 2304128
1789491377.557450 2304128
1789491377.563359 2304128
1789491377.569323 2304128
1789491377.575302 2304128
1789491377.581262 2304128
1789491377.587276 2304128
1789491377.593198 2304128
1789491377.599173 2304128
1789491377.605095 2304128
1789491377.611113 2304128
1789491377.617173 2304128
1789491377.623060 2304128
1789491377.629114 2304128
1789491377.634676 2304128
1789491377.641095 2304128
1789491377.646590 2304128
1789491377.652915 2304128
1789491377.658317 2304128
1789491377.664547 2304128
1789491377.669897 2304128
1789491377.676072 2304128
1789491377.681487 2304128
1789491377.687717 2304128
1789491377.693083 2304128
1789491377.699454 2304128
1789491377.704866 2304128
1789491377.711089 2304128
1789491377.716545 2304128
1789491377.722930 2304128
1789491377.728434 2304128
1789491377.734731 2304128
1789491377.740142 2304128
1789491377.746304 2304128
1789491377.751853 2304128
1789491377.758009 2304128
1789491377.763515 2304128
1789491377.769679 2304128
1789491377.775272 2304128
1789491377.781469 2304128
1789491377.786934 2304128
1789491377.793306 2304128
1789491377.805836 2304128
1789491377.812365 2304128
1789491377.817886 2304128
1789491377.824155 2304128
1789491377.829755 2304128
1789491377.835933 2304128
1789491377.841597 2304128
1789491377.847754 2304128
1789491377.853249 2304128
1789491377.859488 2304128
1789491377.865060 2304128
1789491377.871222 2304128
1789491377.876764 2304128
1789491377.882980 2304128
1789491377.888561 2304128
1789491377.894787 2304128
1789491377.900333 2304128
1789491377.906442 2304128
1789491377.911889 2304128
1789491377.918079 2304128
1789491377.923442 2304128
1789491377.929498 2304128
1789491377.934764 2304128
1789491377.940831 2304128
1789491377.946175 2304128
1789491377.952224 2304128
1789491377.957525 2304128
1789491377.963561 2304128
1789491377.968836 2304128
1789491377.974853 2304128
1789491377.980246 2304128
1789491377.986320 2304128
1789491377.991754 2304128
1789491377.997086 2304128
1789491378.003284 2304128
1789491378.008857 2304128
1789491378.015158 2304128
1789491378.020705 2304128
1789491378.026931 2304128
1789491378.032474 2304128
1789491378.038786 2304128
1789491378.044409 2304128
1789491378.050700 2304128
1789491378.056250 2304128
1789491378.062500 2304128
1789491378.067923 2304128
1789491378.074010 2304128
1789491378.079585 2304128
1789491378.085931 2304128
1789491378.091520 2304128
1789491378.097806 2304128
1789491378.104108 2304128
1789491378.109701 2304128
1789491378.116048 2304128
1789491378.121626 2304128
1789491378.127886 2304128
1789491378.133662 2304128
1789491378.140341 2304128
1789491378.146072 2304128
1789491378.152385 2304128
1789491378.157977 2304128
1789491378.164326 2304128
1789491378.169879 2304128
1789491378.176216 2304128
1789491378.181860 2304128
1789491378.188200 2304128
1789491378.193784 2304128
1789491378.200101 2304128
1789491378.205665 2304128
1789491378.212001 2304128
1789491378.217531 2304128
1789491378.223823 2304128
1789491378.229410 2304128
1789491378.235754 2304128
1789491378.242250 2304128
1789491378.248133 2304128
1789491378.254613 2304128
1789491378.260172 2304128
1789491378.266443 2304128
1789491378.271883 2304128
1789491378.278170 2304128
1789491378.283810 2304128
1789491378.290057 2304128
1789491378.295602 2304128
1789491378.301931 2304128
1789491378.307466 2304128
1789491378.313709 2304128
1789491378.319212 2304128
1789491378.325497 2304128
1789491378.331025 2304128
1789491378.337332 2304128
1789491378.342897 2304128
1789491378.349231 2304128
1789491378.354778 2304128
1789491378.361107 2304128
1789491378.366668 2304128
1789491378.373024 2304128
1789491378.378599 2304128
1789491378.384980 2304128
1789491378.390537 2304128
1789491378.396898 2304128
1789491378.402461 2304128
1789491378.408777 2304128
1789491378.414342 2304128
1789491378.420724 2304128
1789491378.426271 2304128
1789491378.432589 2304128
1789491378.438151 2304128
1789491378.450759 2304128
1789491378.456659 2304128
1789491378.462975 2304128
1789491378.468514 2304128
1789491378.474780 2304128
1789491378.480300 2304128
1789491378.486560 2304128
1789491378.491955 2304128
1789491378.498217 2304128
1789491378.503718 2304128
1789491378.509974 2304128
1789491378.515524 2304128
1789491378.521795 2304128
1789491378.527270 2304128
1789491378.533505 2304128
1789491378.538998 2304128
1789491378.545235 2304128
1789491378.550690 2304128
1789491378.556991 2304128
1789491378.563303 2304128
1789491378.568950 2304128
1789491378.575348 2304128
1789491378.580766 2304128
1789491378.586957 2304128
1789491378.592678 2304128
1789491378.599032 2304128
1789491378.604492 2304128
1789491378.610646 2304128
1789491378.616149 2304128
1789491378.622309 2304128
1789491378.627711 2304128
1789491378.633878 2304128
1789491378.639391 2304128
1789491378.645531 2304128
1789491378.650957 2304128
1789491378.657260 2304128
1789491378.663137 2304128
1789491378.669620 2304128
1789491378.675064 2304128
1789491378.681330 2304128
1789491378.686839 2304128
1789491378.693055 2304128
1789491378.698480 2304128
1789491378.704724 2304128
1789491378.710121 2304128
1789491378.716371 2304128
1789491378.721829 2304128
1789491378.728061 2304128
1789491378.733577 2304128
1789491378.739796 2304128
1789491378.745263 2304128
1789491378.751515 2304128
1789491378.757049 2304128
1789491378.763207 2304128
1789491378.768529 2304128
1789491378.774366 2304128
1789491378.779531 2304128
1789491378.785346 2304128
1789491378.790861 2304128
1789491378.797126 2304128
1789491378.802813 2304128
1789491378.809213 2304128
1789491378.815423 2304128
1789491378.820691 2304128
1789491378.826471 2304128
1789491378.831677 2304128
1789491378.837322 2304128
1789491378.842402 2304128
1789491378.848610 2304128
1789491378.854038 2304128
1789491378.860273 2304128
1789491378.866429 2304128
1789491378.872034 2304128
1789491378.878329 2304128
1789491378.883731 2304128
1789491378.890005 2304128
1789491378.895526 2304128
1789491378.901670 2304128
1789491378.907087 2304128
1789491378.913241 2304128
1789491378.918715 2304128
1789491378.924892 2304128
1789491378.930547 2304128
1789491378.936886 2304128
1789491378.942368 2304128
1789491378.948751 2304128
1789491378.954127 2304128
1789491378.960323 2304128
1789491378.965885 2304128
1789491378.972072 2304128
1789491378.977480 2304128
1789491378.983696 2304128
1789491378.989181 2304128
1789491378.995429 2304128
1789491379.001473 2304128
1789491379.006911 2304128
1789491379.012301 2304128
1789491379.018094 2304128
1789491379.023303 2304128
1789491379.029013 2304128
1789491379.038542 2304128
1789491379.046480 2304128
1789491379.052219 2304128
1789491379.057613 2304128
1789491379.063449 2304128
1789491379.069050 2304128
1789491379.074612 2304128
1789491379.080956 2304128
1789491379.092433 2304128
1789491379.098958 2304128
1789491379.104499 2304128
1789491379.110682 2304128
1789491379.116097 2304128
1789491379.122562 2304128
1789491379.128206 2304128
1789491379.134596 2304128
1789491379.140171 2304128
1789491379.146561 2304128
1789491379.151996 2304128
1789491379.158129 2304128
1789491379.163579 2304128
1789491379.169771 2304128
1789491379.175310 2304128
1789491379.181654 2304128
1789491379.187225 2304128
1789491379.193752 2304128
1789491379.199272 2304128
1789491379.205752 2304128
1789491379.211290 2304128
1789491379.217573 2304128
1789491379.222901 2304128
1789491379.229066 2304128
1789491379.234345 2304128
1789491379.240389 2304128
1789491379.245617 2304128
1789491379.251782 2304128
1789491379.261024 2304128
1789491379.267355 2304128
1789491379.272702 2304128
1789491379.278158 2304128
1789491379.283847 2304128
1789491379.289636 2304128
1789491379.295763 2304128
1789491379.306624 2304128
1789491379.314241 2304128
1789491379.320237 2304128
1789491379.326112 2304128
1789491379.332455 2304128
1789491379.338686 2304128
1789491379.345129 2304128
1789491379.351631 2304128
1789491379.358274 2304128
1789491379.364761 2304128
1789491379.371100 2304128
1789491379.377673 2304128
1789491379.384147 2304128
1789491379.390684 2304128
1789491379.397434 2304128
1789491379.404191 2304128
1789491379.410887 2304128
1789491379.417711 2304128
1789491379.424062 2304128
1789491379.430365 2304128
1789491379.436867 2304128
1789491379.443396 2304128
1789491379.450029 2304128
1789491379.456674 2304128
1789491379.463324 2304128
1789491379.470028 2304128
1789491379.476698 2304128
1789491379.483221 2304128
1789491379.489715 2304128
1789491379.496059 2304128
1789491379.502452 2304128
1789491379.508961 2304128
1789491379.520510 2304128
1789491379.526087 2304128
1789491379.531556 2304128
1789491379.537496 2304128
1789491379.542569 2304128
1789491379.548891 2304128
1789491379.554407 2304128
1789491379.560661 2304128
1789491379.566140 2304128
1789491379.572374 2304128
1789491379.577869 2304128
1789491379.584042 2304128
1789491379.589470 2304128
1789491379.595660 2304128
1789491379.601293 2304128
1789491379.607689 2304128
1789491379.613327 2304128
1789491379.619446 2304128
1789491379.624614 2304128
1789491379.630506 2304128
1789491379.635564 2304128
1789491379.641444 2304128
1789491379.646451 2304128
1789491379.652474 2304128
1789491379.657714 2304128
1789491379.662743 2304128
1789491379.668628 2304128
1789491379.673843 2304128
1789491379.679883 2304128
1789491379.685073 2304128
1789491379.691046 2304128
1789491379.696088 2304128
1789491379.701968 2304128
1789491379.707163 2304128
1789491379.713148 2304128
1789491379.718130 2304128
1789491379.724031 2304128
1789491379.729278 2304128
1789491379.735274 2304128
1789491379.740306 2304128
1789491379.746116 2304128
1789491379.757164 2304128
1789491379.763357 2304128
1789491379.772901 2304128
1789491379.781164 2304128
1789491379.786748 2304128
1789491379.792861 2304128
1789491379.798684 2304128
1789491379.804641 2304128
1789491379.810717 2304128
1789491379.816788 2304128
1789491379.822999 2304128
1789491379.829253 2304128
1789491379.835511 2304128
1789491379.841680 2304128
1789491379.847959 2304128
1789491379.854160 2304128
1789491379.860485 2304128
1789491379.866651 2304128
1789491379.872894 2304128
1789491379.879126 2304128
1789491379.885358 2304128
1789491379.891484 2304128
1789491379.897544 2304128
1789491379.903609 2304128
1789491379.909585 2304128
1789491379.915671 2304128
1789491379.921718 2304128
1789491379.927996 2304128
1789491379.934249 2304128
1789491379.940325 2304128
1789491379.946398 2304128
1789491379.952748 2304128
1789491379.958963 2304128
1789491379.965049 2304128
1789491379.971133 2304128
1789491379.977341 2304128
1789491379.983773 2304128
1789491379.989777 2304128
1789491379.995909 2304128
1789491380.002247 2304128
1789491380.008709 2304128
1789491380.015000 2304128
1789491380.021155 2304128
1789491380.027165 2304128
1789491380.033261 2304128
1789491380.039100 2304128
1789491380.045019 2304128
1789491380.050855 2304128
1789491380.056742 2304128
1789491380.062541 2304128
1789491380.068451 2304128
1789491380.074260 2304128
1789491380.080203 2304128
1789491380.085954 2304128
1789491380.096195 2304128
1789491380.103868 2304128
1789491380.110142 2304128
1789491380.116287 2304128
1789491380.122326 2304128
1789491380.128553 2304128
1789491380.134552 2304128
1789491380.140617 2304128
1789491380.146605 2304128
1789491380.152729 2304128
1789491380.158787 2304128
1789491380.164931 2304128
1789491380.171111 2304128
1789491380.177419 2304128
1789491380.183934 2304128
1789491380.190176 2304128
1789491380.196595 2304128
1789491380.202839 2304128
1789491380.209238 2304128
1789491380.215605 2304128
1789491380.222018 2304128
1789491380.228089 2304128
1789491380.234018 2304128
1789491380.240236 2304128
1789491380.246431 2304128
1789491380.252793 2304128
1789491380.259329 2304128
1789491380.265397 2304128
1789491380.271636 2304128
1789491380.277981 2304128
1789491380.288870 2304128
1789491380.295933 2304128
1789491380.302522 2304128
1789491380.308628 2304128
1789491380.314890 2304128
1789491380.321357 2304128
1789491380.327986 2304128
1789491380.334417 2304128
1789491380.340555 2304128
1789491380.346260 2304128
1789491380.352725 2304128
1789491380.358928 2304128
1789491380.365659 2304128
1789491380.372108 2304128
1789491380.378662 2304128
1789491380.385412 2304128
1789491380.392151 2304128
1789491380.398113 2304128
1789491380.404231 2304128
1789491380.410425 2304128
1789491380.416798 2304128
1789491380.423118 2304128
1789491380.429375 2304128
1789491380.435724 2304128
1789491380.447829 2304128
1789491380.453984 2304128
1789491380.460022 2304128
1789491380.465955 2304128
1789491380.472342 2304128
1789491380.478625 2304128
1789491380.485054 2304128
1789491380.491470 2304128
1789491380.498012 2304128
1789491380.504343 2304128
1789491380.510900 2304128
1789491380.517408 2304128
1789491380.524012 2304128
1789491380.530432 2304128
1789491380.536812 2304128
1789491380.543136 2304128
1789491380.549511 2304128
1789491380.555764 2304128
1789491380.561908 2304128
1789491380.568134 2304128
1789491380.574471 2304128
1789491380.580617 2304128
1789491380.586926 2304128
1789491380.593288 2304128
1789491380.599731 2304128
1789491380.606045 2304128
1789491380.612473 2304128
1789491380.618798 2304128
1789491380.625354 2304128
1789491380.631726 2304128
1789491380.638084 2304128
1789491380.644491 2304128
1789491380.650892 2304128
1789491380.657296 2304128
1789491380.663651 2304128
1789491380.670013 2304128
1789491380.676177 2304128
1789491380.682305 2304128
1789491380.688805 2304128
1789491380.695191 2304128
1789491380.701388 2304128
1789491380.707589 2304128
1789491380.714043 2304128
1789491380.720366 2304128
1789491380.726904 2304128
1789491380.733247 2304128
1789491380.739604 2304128
1789491380.745914 2304128
1789491380.752342 2304128
1789491380.758765 2304128
1789491380.765137 2304128
1789491380.771608 2304128
1789491380.777884 2304128
1789491380.784105 2304128
1789491380.790415 2304128
1789491380.796802 2304128
1789491380.803159 2304128
1789491380.809547 2304128
1789491380.815968 2304128
1789491380.822374 2304128
1789491380.828745 2304128
1789491380.835119 2304128
1789491380.841467 2304128
1789491380.847696 2304128
1789491380.853860 2304128
1789491380.860188 2304128
1789491380.866370 2304128
1789491380.872742 2304128
1789491380.879104 2304128
1789491380.885449 2304128
1789491380.891782 2304128
1789491380.898102 2304128
1789491380.904564 2304128
1789491380.910896 2304128
1789491380.917324 2304128
1789491380.923669 2304128
1789491380.930055 2304128
1789491380.936405 2304128
1789491380.942740 2304128
1789491380.949250 2304128
1789491380.955625 2304128
1789491380.961967 2304128
1789491380.968185 2304128
1789491380.974352 2304128
1789491380.980746 2304128
1789491380.987094 2304128
1789491380.993325 2304128
1789491381.002357 2304128
1789491381.009779 2304128
1789491381.016206 2304128
1789491381.022547 2304128
1789491381.029074 2304128
1789491381.035609 2304128
1789491381.042075 2304128
1789491381.048554 2304128
1789491381.054935 2304128
1789491381.065534 2304128
1789491381.072733 2304128
1789491381.079148 2304128
1789491381.085668 2304128
1789491381.092323 2304128
1789491381.098637 2304128
1789491381.104931 2304128
1789491381.111291 2304128
1789491381.117644 2304128
1789491381.123976 2304128
1789491381.130364 2304128
1789491381.136788 2304128
1789491381.149926 2304128
1789491381.156513 2304128
1789491381.163019 2304128
1789491381.173517 2304128
1789491381.181501 2304128
1789491381.187621 2304128
1789491381.193772 2304128
1789491381.200068 2304128
1789491381.206388 2304128
1789491381.212790 2304128
1789491381.219203 2304128
1789491381.225525 2304128
1789491381.231793 2304128
1789491381.237971 2304128
1789491381.244148 2304128
1789491381.250228 2304128
1789491381.256745 2304128
1789491381.263084 2304128
1789491381.269292 2304128
1789491381.275407 2304128
1789491381.281749 2304128
1789491381.288097 2304128
1789491381.294418 2304128
1789491381.300831 2304128
1789491381.307214 2304128
1789491381.313476 2304128
1789491381.319894 2304128
1789491381.326161 2304128
1789491381.332481 2304128
1789491381.338734 2304128
1789491381.345056 2304128
1789491381.351446 2359177
1789491381.357790 2595599
1789491381.363938 2822949
1789491381.370042 3050434
1789491381.376559 3292341
1789491381.382872 3456192
1789491381.389212 3456192
1789491381.395536 3456192
1789491381.401857 3456192
1789491381.408242 3456192
1789491381.414395 3456192
1789491381.420787 3456192
1789491381.427052 3456192
1789491381.433647 3456192
1789491381.440615 3456192
1789491381.447269 3456192
1789491381.453922 3456192
1789491381.460504 3456192
1789491381.467010 3456192
1789491381.473488 3456192
1789491381.479992 3456192
1789491381.486510 3456192
1789491381.493042 3456192
1789491381.499513 3456192
1789491381.505906 3456192
1789491381.512447 3456192
1789491381.519067 3456192
1789491381.525766 3456192
1789491381.532215 3456192
1789491381.538635 3456192
1789491381.545069 3456192
1789491381.551488 3456192
1789491381.558025 3456192
1789491381.564686 3456192
1789491381.571346 3456192
1789491381.577993 3456192
1789491381.584617 3456192
1789491381.591362 3456192
1789491381.598127 3456192
1789491381.604747 3456192
1789491381.611166 3456192
1789491381.617763 3456192
1789491381.624647 3456192
1789491381.631319 3456192
1789491381.638072 3456192
1789491381.644918 3456192
1789491381.651599 3456192
1789491381.658264 3456192
1789491381.664880 3456192
1789491381.671447 3456192
1789491381.678313 3456192
1789491381.685073 3456192
1789491381.691845 3456192
1789491381.698560 3456192
1789491381.705469 3456192
1789491381.712216 3456192
1789491381.719002 3456192
1789491381.725697 3456192
1789491381.732424 3456192
1789491381.739330 3456192
1789491381.746274 3456192
1789491381.753316 3456192
1789491381.759809 3456192
1789491381.766054 3456192
1789491381.772149 3456192
1789491381.778392 3456192
1789491381.784672 3456192
1789491381.790838 3456192
1789491381.797359 3456192
1789491381.803855 3456192
1789491381.810122 3456192
1789491381.816453 3456192
1789491381.822819 3456192
1789491381.829372 3456192
1789491381.835830 3456192
1789491381.842200 3456192
1789491381.848598 3456192
1789491381.861706 3456192
1789491381.868331 3456192
1789491381.874853 3456192
1789491381.881332 3456192
1789491381.887860 3456192
1789491381.893950 3456192
1789491381.900379 3456192
1789491381.906425 3456192
1789491381.912886 3456192
1789491381.919242 3456192
1789491381.925595 3456192
1789491381.932063 3456192
1789491381.938508 3456192
1789491381.944918 3456192
1789491381.951322 3456192
1789491381.957682 3456192
1789491381.963986 3456192
1789491381.970211 3456192
1789491381.976639 3456192
1789491381.983021 3456192
1789491381.989402 3456192
1789491381.995712 3456192
1789491382.001961 3456192
1789491382.008432 3456192
1789491382.015127 3456192
1789491382.021815 3456192
1789491382.028570 3456192
1789491382.035455 3456192
1789491382.042368 3456192
1789491382.048839 3456192
1789491382.055398 3456192
1789491382.062262 3456192
1789491382.069191 3456192
1789491382.076004 3456192
1789491382.082814 3456192
1789491382.089727 3456192
1789491382.096174 3456192
1789491382.102584 3456192
1789491382.109344 3456192
1789491382.115917 3456192
1789491382.122480 3456192
1789491382.129132 3456192
1789491382.135967 3456192
1789491382.143049 3456192
1789491382.150044 3456192
1789491382.156430 3456192
1789491382.162861 3456192
1789491382.169425 3456192
1789491382.179933 3456192
1789491382.187042 3456192
1789491382.192806 3456192
1789491382.199064 3456192
1789491382.204586 3456192
1789491382.210895 3456192
1789491382.216479 3456192
1789491382.222794 3456192
1789491382.228433 3456192
1789491382.234807 3456192
1789491382.240354 3456192
1789491382.246074 3456192
1789491382.252342 3456192
1789491382.257692 3456192
1789491382.263888 3456192
1789491382.269247 3456192
1789491382.275491 3456192
1789491382.280934 3456192
1789491382.287285 3456192
1789491382.292778 3456192
1789491382.298979 3456192
1789491382.304350 3456192
1789491382.310445 3456192
1789491382.315793 3456192
1789491382.321955 3456192
1789491382.327318 3456192
1789491382.333414 3456192
1789491382.338798 3456192
1789491382.344963 3456192
1789491382.350316 3456192
1789491382.356573 3456192
1789491382.362158 3456192
1789491382.368458 3456192
1789491382.373954 3456192
1789491382.380232 3456192
1789491382.385796 3456192
1789491382.392146 3456192
1789491382.397619 3456192
1789491382.403835 3456192
1789491382.409466 3456192
1789491382.416009 3456192
1789491382.421702 3456192
1789491382.427868 3456192
1789491382.433162 3456192
1789491382.439360 3456192
1789491382.444765 3456192
1789491382.450016 3456192
1789491382.456165 3456192
1789491382.461524 3456192
1789491382.467590 3456192
1789491382.472908 3456192
1789491382.479032 3456192
1789491382.484393 3456192
1789491382.490499 3456192
1789491382.495788 3456192
1789491382.501816 3456192
1789491382.507239 3456192
1789491382.513181 3456192
1789491382.518457 3456192
1789491382.524604 3456192
1789491382.536231 3456192
1789491382.542680 3456192
1789491382.548072 3456192
1789491382.554175 3456192
1789491382.559496 3456192
1789491382.565454 3456192
1789491382.570723 3456192
1789491382.576828 3456192
1789491382.582117 3456192
1789491382.588233 3456192
1789491382.593493 3456192
1789491382.599576 3456192
1789491382.604905 3456192
1789491382.611200 3456192
1789491382.616652 3456192
1789491382.622765 3456192
1789491382.628060 3456192
1789491382.634106 3456192
1789491382.639383 3456192
1789491382.645520 3456192
1789491382.650849 3456192
1789491382.657000 3456192
1789491382.662304 3456192
1789491382.668431 3456192
1789491382.673770 3456192
1789491382.679800 3456192
1789491382.685039 3456192
1789491382.691087 3456192
1789491382.696407 3456192
1789491382.702501 3456192
1789491382.707806 3456192
1789491382.713907 3456192
1789491382.719159 3456192
1789491382.725250 3456192
1789491382.730515 3456192
1789491382.736698 3456192
1789491382.742286 3456192
1789491382.748554 3456192
1789491382.754096 3456192
1789491382.760370 3456192
1789491382.765742 3456192
1789491382.772040 3456192
1789491382.778312 3456192
1789491382.784873 3456192
1789491382.791313 3456192
1789491382.797763 3456192
1789491382.803596 3456192
1789491382.809854 3456192
1789491382.816109 3456192
1789491382.822526 3456192
1789491382.828975 3456192
1789491382.835441 3456192
1789491382.841922 3456192
1789491382.848275 3456192
1789491382.854552 3456192
1789491382.861133 3456192
1789491382.867577 3456192
1789491382.874012 3456192
1789491382.880198 3456192
1789491382.886440 3456192
1789491382.892996 3456192
1789491382.899447 3456192
1789491382.905612 3456192
1789491382.911895 3456192
1789491382.918321 3456192
1789491382.924794 3456192
1789491382.931143 3456192
1789491382.937554 3456192
1789491382.943947 3456192
1789491382.950446 3456192
1789491382.960936 3456192
1789491382.968891 3456192
1789491382.975229 3456192
1789491382.981284 3456192
1789491382.987920 3456192
1789491382.994272 3456192
1789491383.002294 3456192
1789491383.008856 3456192
1789491383.015310 3456192
1789491383.021840 3456192
1789491383.028658 3456192
1789491383.035296 3456192
1789491383.042067 3456192
1789491383.048861 3456192
1789491383.055727 3456192
1789491383.062093 3456192
1789491383.068315 3456192
1789491383.074537 3456192
1789491383.087418 3456192
1789491383.093710 3456192
1789491383.100419 3456192
1789491383.107115 3456192
1789491383.113946 3456192
1789491383.120867 3456192
1789491383.127692 3456192
1789491383.134598 3456192
1789491383.141056 3456192
1789491383.147583 3456192
1789491383.154606 3456192
1789491383.161509 3456192
1789491383.168558 3456192
1789491383.175143 3456192
1789491383.181647 3456192
1789491383.187933 3456192
1789491383.194312 3456192
1789491383.200828 3456192
1789491383.207283 3456192
1789491383.213667 3456192
1789491383.226959 3456192
1789491383.233689 3456192
1789491383.239877 3456192
1789491383.246472 3456192
1789491383.253198 3456192
1789491383.260120 3456192
1789491383.266898 3456192
1789491383.273328 3456192
1789491383.279738 3456192
1789491383.286287 3456192
1789491383.293078 3456192
1789491383.299912 3456192
1789491383.306698 3456192
1789491383.313633 3456192
1789491383.320014 3456192
1789491383.326390 3456192
1789491383.333095 3456192
1789491383.339737 3456192
1789491383.346328 3456192
1789491383.353129 3456192
1789491383.360023 3456192
1789491383.366766 3456192
1789491383.373732 3456192
1789491383.380297 3456192
1789491383.386731 3456192
1789491383.393335 3456192
1789491383.399921 3456192
1789491383.406427 3456192
1789491383.413146 3456192
1789491383.419889 3456192
1789491383.426655 3456192
1789491383.433445 3456192
1789491383.440106 3456192
1789491383.446664 3456192
1789491383.453036 3456192
1789491383.459327 3456192
1789491383.472242 3456192
1789491383.479471 3456192
1789491383.485905 3456192
1789491383.492286 3456192
1789491383.498671 3456192
1789491383.505204 3456192
1789491383.511737 3456192
1789491383.518252 3456192
1789491383.524947 3456192
1789491383.531706 3456192
1789491383.538426 3456192
1789491383.545109 3456192
1789491383.551893 3456192
1789491383.558661 3456192
1789491383.565110 3456192
1789491383.571561 3456192
1789491383.578207 3456192
1789491383.584983 3456192
1789491383.591732 3456192
1789491383.598500 3456192
1789491383.605481 3456192
1789491383.612318 3456192
1789491383.618576 3456192
1789491383.625089 3456192
1789491383.631837 3456192
1789491383.638514 3456192
1789491383.645077 3456192
1789491383.655627 3456192
1789491383.664231 3456192
1789491383.670656 3456192
1789491383.677464 3456192
1789491383.684317 3456192
1789491383.691232 3456192
1789491383.698163 3456192
1789491383.704620 3456192
1789491383.711041 3456192
1789491383.717736 3456192
1789491383.724443 3456192
1789491383.731203 3456192
1789491383.737998 3456192
1789491383.744850 3456192
1789491383.751795 3456192
1789491383.758763 3456192
1789491383.765335 3456192
1789491383.771833 3456192
1789491383.778418 3456192
1789491383.785184 3456192
1789491383.792027 3456192
1789491383.798872 3456192
1789491383.805695 3456192
1789491383.812155 3456192
1789491383.818594 3456192
1789491383.825234 3456192
1789491383.831852 3456192
1789491383.838370 3456192
1789491383.845137 3456192
1789491383.852027 3456192
1789491383.858999 3456192
1789491383.865993 3456192
1789491383.872429 3456192
1789491383.878899 3456192
1789491383.885681 3456192
1789491383.892450 3456192
1789491383.898966 3456192
1789491383.905635 3456192
1789491383.912436 3456192
1789491383.919112 3456192
1789491383.925875 3456192
1789491383.932224 3456192
1789491383.938528 3456192
1789491383.945101 3456192
1789491383.951720 3456192
1789491383.965071 3456192
1789491383.971841 3456192
1789491383.978477 3456192
1789491383.985251 3456192
1789491383.992077 3456192
1789491383.998512 3456192
1789491384.005203 3456192
1789491384.011961 3456192
1789491384.018692 3456192
1789491384.025489 3456192
1789491384.031866 3456192
1789491384.038261 3456192
1789491384.044977 3456192
1789491384.051651 3456192
1789491384.058233 3456192
1789491384.064987 3456192
1789491384.071883 3456192
1789491384.078849 3456192
1789491384.085644 3456192
1789491384.092345 3456192
1789491384.099031 3456192
1789491384.105470 3456192
1789491384.111875 3456192
1789491384.118249 3456192
1789491384.124713 3456192
1789491384.131272 3456192
1789491384.137991 3456192
1789491384.144989 3456192
1789491384.151954 3456192
1789491384.158562 3456192
1789491384.164941 3456192
1789491384.171315 3456192
1789491384.176973 3456192
1789491384.183294 3456192
1789491384.188674 3456192
1789491384.194695 3456192
1789491384.200065 3456192
1789491384.206156 3456192
1789491384.211537 3456192
1789491384.217616 3456192
1789491384.223045 3456192
1789491384.229209 3456192
1789491384.234568 3456192
1789491384.240646 3456192
1789491384.245998 3456192
1789491384.252203 3456192
1789491384.257637 3456192
1789491384.264025 3456192
1789491384.270460 3456192
1789491384.275837 3456192
1789491384.281942 3456192
1789491384.287328 3456192
1789491384.293737 3456192
1789491384.299068 3456192
1789491384.305223 3456192
1789491384.310557 3456192
1789491384.316916 3456192
1789491384.322251 3456192
1789491384.328516 3456192
1789491384.333838 3456192
1789491384.340027 3456192
1789491384.345440 3456192
1789491384.351889 3456192
1789491384.358655 3456192
1789491384.364769 3456192
1789491384.371016 3456192
1789491384.376385 3456192
1789491384.382477 3456192
1789491384.387925 3456192
1789491384.393750 3456192
1789491384.399095 3456192
1789491384.405275 3456192
1789491384.415095 3456192
1789491384.422896 3456192
1789491384.428895 3456192
1789491384.435423 3456192
1789491384.441998 3456192
1789491384.448437 3456192
1789491384.455033 3456192
1789491384.461629 3456192
1789491384.468441 3456192
1789491384.475194 3456192
1789491384.481806 3456192
1789491384.494327 3456192
1789491384.499938 3456192
1789491384.506309 3456192
1789491384.511819 3456192
1789491384.518202 3456192
1789491384.523832 3456192
1789491384.530191 3456192
1789491384.535800 3456192
1789491384.542132 3456192
1789491384.547800 3456192
1789491384.554129 3456192
1789491384.559838 3456192
1789491384.566165 3456192
1789491384.571884 3456192
1789491384.578289 3456192
1789491384.583821 3456192
1789491384.590157 3456192
1789491384.595820 3456192
1789491384.602149 3456192
1789491384.607744 3456192
1789491384.614084 3456192
1789491384.619737 3456192
1789491384.626052 3456192
1789491384.631692 3456192
1789491384.638002 3456192
1789491384.650197 3456192
1789491384.656904 3456192
1789491384.662524 3456192
1789491384.668887 3456192
1789491384.674527 3456192
1789491384.680894 3456192
1789491384.686487 3456192
1789491384.692842 3456192
1789491384.698481 3456192
1789491384.704843 3456192
1789491384.710436 3456192
1789491384.716806 3456192
1789491384.722443 3456192
1789491384.728855 3456192
1789491384.734494 3456192
1789491384.740862 3456192
1789491384.746513 3456192
1789491384.752888 3456192
1789491384.758501 3456192
1789491384.764841 3456192
1789491384.770476 3456192
1789491384.776886 3456192
1789491384.782466 3456192
1789491384.788814 3456192
1789491384.794453 3456192
1789491384.799921 3456192
1789491384.806282 3456192
1789491384.812774 3456192
1789491384.818415 3456192
1789491384.824804 3456192
1789491384.830418 3456192
1789491384.836777 3456192
1789491384.842440 3456192
1789491384.848760 3456192
1789491384.854331 3456192
1789491384.860665 3456192
1789491384.866299 3456192
1789491384.872680 3456192
1789491384.878315 3456192
1789491384.884643 3456192
1789491384.890281 3456192
1789491384.896622 3456192
1789491384.902230 3456192
1789491384.908580 3456192
1789491384.914240 3456192
1789491384.920598 3456192
1789491384.926203 3456192
1789491384.932571 3456192
1789491384.938226 3456192
1789491384.944613 3456192
1789491384.950222 3456192
1789491384.956550 3456192
1789491384.962212 3456192
1789491384.968575 3456192
1789491384.974197 3456192
1789491384.980586 3456192
1789491384.986245 3456192
1789491384.992678 3456192
1789491385.003730 3456192
1789491385.011070 3456192
1789491385.017040 3456192
1789491385.023686 3456192
1789491385.029788 3456192
1789491385.036314 3456192
1789491385.042989 3456192
1789491385.049756 3456192
1789491385.056721 3456192
1789491385.063671 3456192
1789491385.070801 3456192
1789491385.077327 3456192
1789491385.083993 3456192
1789491385.090680 3456192
1789491385.097492 3456192
1789491385.104349 3456192
1789491385.111201 3456192
1789491385.118097 3456192
1789491385.124646 3456192
1789491385.131096 3456192
1789491385.138005 3456192
1789491385.144732 3456192
1789491385.151811 3456192
1789491385.158722 3456192
1789491385.165761 3456192
1789491385.172245 3456192
1789491385.178741 3456192
1789491385.185659 3456192
1789491385.192432 3456192
1789491385.198973 3456192
1789491385.205675 3456192
1789491385.212516 3456192
1789491385.219670 3456192
1789491385.226787 3456192
1789491385.233235 3456192
1789491385.239654 3456192
1789491385.246252 3456192
1789491385.252963 3456192
1789491385.259732 3456192
1789491385.266469 3456192
1789491385.273279 3456192
1789491385.279644 3456192
1789491385.286154 3456192
1789491385.292707 3456192
1789491385.299258 3456192
1789491385.305876 3456192
1789491385.312493 3456192
1789491385.319233 3456192
1789491385.325919 3456192
1789491385.332806 3456192
1789491385.345984 3456192
1789491385.352629 3456192
1789491385.359019 3456192
1789491385.365576 3456192
1789491385.372197 3456192
1789491385.378752 3456192
1789491385.385583 3456192
1789491385.392361 3456192
1789491385.399097 3456192
1789491385.405808 3456192
1789491385.412180 3456192
1789491385.418556 3456192
1789491385.425260 3456192
1789491385.431679 3456192
1789491385.438306 3456192
1789491385.445068 3456192
1789491385.451905 3456192
1789491385.458632 3456192
1789491385.465385 3456192
1789491385.471869 3456192
1789491385.478398 3456192
1789491385.484883 3456192
1789491385.491294 3456192
1789491385.497775 3456192
1789491385.504319 3456192
1789491385.510753 3456192
1789491385.517251 3456192
1789491385.523729 3456192
1789491385.530258 3456192
1789491385.540981 3456192
1789491385.547323 3456192
1789491385.552841 3456192
1789491385.559042 3456192
1789491385.564430 3456192
1789491385.570471 3456192
1789491385.575784 3456192
1789491385.581880 3456192
1789491385.587214 3456192
1789491385.593412 3456192
1789491385.598644 3456192
1789491385.608285 3456192
1789491385.613683 3456192
1789491385.619935 3456192
1789491385.625473 3456192
1789491385.631148 3456192
1789491385.637031 3456192
1789491385.642696 3456192
1789491385.648593 3456192
1789491385.654538 3456192
1789491385.660391 3456192
1789491385.666299 3456192
1789491385.672113 3456192
1789491385.678045 3456192
1789491385.683911 3456192
1789491385.689876 3456192
1789491385.695728 3456192
1789491385.701653 3456192
1789491385.707502 3456192
1789491385.713396 3456192
1789491385.719208 3456192
1789491385.725243 3456192
1789491385.731523 3456192
1789491385.737608 3456192
1789491385.743551 3456192
1789491385.749574 3456192
1789491385.755468 3456192
1789491385.761473 3456192
1789491385.767363 3456192
1789491385.773377 3456192
1789491385.779239 3456192
1789491385.785179 3456192
1789491385.791111 3456192
1789491385.797162 3456192
1789491385.803065 3456192
1789491385.809031 3456192
1789491385.814895 3456192
1789491385.820845 3456192
1789491385.826707 3456192
1789491385.832598 3456192
1789491385.838436 3456192
1789491385.844393 3456192
1789491385.850249 3456192
1789491385.856154 3456192
1789491385.862085 3456192
1789491385.868019 3456192
1789491385.873885 3456192
1789491385.879761 3456192
1789491385.885613 3456192
1789491385.891587 3456192
1789491385.897454 3456192
1789491385.903353 3456192
1789491385.909275 3456192
1789491385.915228 3456192
1789491385.921105 3456192
1789491385.927004 3456192
1789491385.932873 3456192
1789491385.938771 3456192
1789491385.944642 3456192
1789491385.950520 3456192
1789491385.956421 3456192
1789491385.962352 3456192
1789491385.968231 3456192
1789491385.974082 3456192
1789491385.979950 3456192
1789491385.985883 3456192
1789491385.991821 3456192
1789491385.997791 3456192
1789491386.003723 3456192
1789491386.015876 3456192
1789491386.022034 3456192
1789491386.027995 3456192
1789491386.033836 3456192
1789491386.039774 3456192
1789491386.045627 3456192
1789491386.051505 3456192
1789491386.057396 3456192
1789491386.063289 3456192
1789491386.069223 3456192
1789491386.075240 3456192
1789491386.081215 3456192
1789491386.087083 3456192
1789491386.093027 3456192
1789491386.098929 3456192
1789491386.104808 3456192
1789491386.110841 3456192
1789491386.116749 3456192
1789491386.122602 3456192
1789491386.128471 3456192
1789491386.134349 3456192
1789491386.140247 3456192
1789491386.146001 3456192
1789491386.151899 3456192
1789491386.157805 3456192
1789491386.163677 3456192
1789491386.169515 3456192
1789491386.175642 3456192
1789491386.182027 3456192
1789491386.188600 3456192
1789491386.195420 3456192
1789491386.202176 3456192
1789491386.208955 3456192
1789491386.215603 3456192
1789491386.222264 3456192
1789491386.228685 3456192
1789491386.235272 3456192
1789491386.241813 3456192
1789491386.248443 3456192
1789491386.255229 3456192
1789491386.261986 3456192
1789491386.268765 3456192
1789491386.275304 3456192
1789491386.281960 3456192
1789491386.288466 3456192
1789491386.294982 3456192
1789491386.301607 3456192
1789491386.308166 3456192
1789491386.314759 3456192
1789491386.321390 3456192
1789491386.328140 3456192
1789491386.334868 3456192
1789491386.341678 3456192
1789491386.348259 3456192
1789491386.354598 3456192
1789491386.361306 3456192
1789491386.367887 3456192
1789491386.374404 3456192
1789491386.381095 3456192
1789491386.387813 3456192
1789491386.394624 3456192
1789491386.401402 3456192
1789491386.408007 3456192
1789491386.414524 3456192
1789491386.420911 3456192
1789491386.427215 3456192
1789491386.433737 3456192
1789491386.440202 3456192
1789491386.446777 3456192
1789491386.453492 3456192
1789491386.460202 3456192
1789491386.466968 3456192
1789491386.473804 3456192
1789491386.480278 3456192
1789491386.486633 3456192
1789491386.493254 3456192
1789491386.503622 3456192
1789491386.512011 3456192
1789491386.517836 3456192
1789491386.524022 3456192
1789491386.529862 3456192
1789491386.535987 3456192
1789491386.541946 3456192
1789491386.548090 3456192
1789491386.554437 3456192
1789491386.560778 3456192
1789491386.567004 3456192
1789491386.573459 3456192
1789491386.579754 3456192
1789491386.585988 3456192
1789491386.592330 3456192
1789491386.598680 3456192
1789491386.605077 3456192
1789491386.611528 3456192
1789491386.617811 3456192
1789491386.623918 3456192
1789491386.630044 3456192
1789491386.636348 3456192
1789491386.642579 3456192
1789491386.648739 3456192
1789491386.655035 3456192
1789491386.661397 3456192
1789491386.667693 3456192
1789491386.673944 3456192
1789491386.680324 3456192
1789491386.686688 3456192
1789491386.693155 3456192
1789491386.705985 3456192
1789491386.718413 3456192
1789491386.724976 3456192
1789491386.730822 3456192
1789491386.737025 3456192
1789491386.743136 3456192
1789491386.749300 3456192
1789491386.755664 3456192
1789491386.761971 3456192
1789491386.768506 3456192
1789491386.774854 3456192
1789491386.781278 3456192
1789491386.787643 3456192
1789491386.794052 3456192
1789491386.800429 3456192
1789491386.806763 3456192
1789491386.813205 3456192
1789491386.819731 3456192
1789491386.826196 3456192
1789491386.832583 3456192
1789491386.838846 3456192
1789491386.845459 3456192
1789491386.852027 3456192
1789491386.858665 3456192
1789491386.865186 3456192
1789491386.871866 3456192
1789491386.878329 3456192
1789491386.884805 3456192
1789491386.891409 3456192
1789491386.897960 3456192
1789491386.904404 3456192
1789491386.910966 3456192
1789491386.917642 3456192
1789491386.924248 3456192
1789491386.930819 3456192
1789491386.937689 3456192
1789491386.944509 3456192
1789491386.951224 3456192
1789491386.958099 3456192
1789491386.964754 3456192
1789491386.971142 3456192
1789491386.977864 3456192
1789491386.984271 3456192
1789491386.990674 3456192
1789491387.001823 3456192
1789491387.009013 3456192
1789491387.015399 3456192
1789491387.027639 3456192
1789491387.033787 3456192
1789491387.039771 3456192
1789491387.046107 3456192
1789491387.055279 3456192
1789491387.061708 3456192
1789491387.068131 3456192
1789491387.074406 3456192
1789491387.080883 3456192
1789491387.087550 3456192
1789491387.094453 3456192
1789491387.101403 3456192
1789491387.108478 3456192
1789491387.114803 3456192
1789491387.121574 3456192
1789491387.128374 3456192
1789491387.134820 3456192
1789491387.141439 3456192
1789491387.152917 3456192
1789491387.159364 3456192
1789491387.165835 3456192
1789491387.172201 3456192
1789491387.178461 3456192
1789491387.184772 3456192
1789491387.191277 3456192
1789491387.198079 3456192
1789491387.204681 3456192
1789491387.211169 3456192
1789491387.217892 3456192
1789491387.224718 3456192
1789491387.231533 3456192
1789491387.238369 3456192
1789491387.245233 3456192
1789491387.252079 3456192
1789491387.258933 3456192
1789491387.265445 3456192
1789491387.272122 3456192
1789491387.279107 3456192
1789491387.286170 3456192
1789491387.293286 3456192
1789491387.300219 3456192
1789491387.307112 3456192
1789491387.313712 3456192
1789491387.320298 3456192
1789491387.327186 3456192
1789491387.334024 3456192
1789491387.340917 3456192
1789491387.347764 3456192
1789491387.354608 3456192
1789491387.361119 3456192
1789491387.367651 3456192
1789491387.374326 3456192
1789491387.381078 3456192
1789491387.387913 3456192
1789491387.394771 3456192
1789491387.401691 3456192
1789491387.408333 3456192
1789491387.414732 3456192
1789491387.421217 3456192
1789491387.427788 3456192
1789491387.434095 3456192
1789491387.440642 3456192
1789491387.461090 3456192
1789491387.468016 3456192
1789491387.474484 3456192
1789491387.481094 3456192
1789491387.487800 3456192
1789491387.494504 3456192
1789491387.501109 3456192
1789491387.507945 3456192
1789491387.514906 3456192
1789491387.525683 3456192
1789491387.533447 3456192
1789491387.540107 3456192
1789491387.546952 3456192
1789491387.554196 3456192
1789491387.560683 3456192
1789491387.567289 3456192
1789491387.574087 3456192
1789491387.580617 3456192
1789491387.587332 3456192
1789491387.594034 3456192
1789491387.600843 3456192
1789491387.607229 3456192
1789491387.613722 3456192
1789491387.620128 3456192
1789491387.626647 3456192
1789491387.633131 3456192
1789491387.639765 3456192
1789491387.646402 3456192
1789491387.653128 3456192
1789491387.659832 3456192
1789491387.666576 3456192
1789491387.673492 3456192
1789491387.680031 3456192
1789491387.686344 3456192
1789491387.693039 3456192
1789491387.699563 3456192
1789491387.706201 3456192
1789491387.712859 3456192
1789491387.719704 3456192
1789491387.726730 3456192
1789491387.733857 3456192
1789491387.740500 3456192
1789491387.746964 3456192
1789491387.753619 3456192
1789491387.760403 3456192
1789491387.767230 3456192
1789491387.774215 3456192
1789491387.781042 3456192
1789491387.787900 3456192
1789491387.794793 3456192
1789491387.801526 3456192
1789491387.808080 3456192
1789491387.814896 3456192
1789491387.821774 3456192
1789491387.828757 3456192
1789491387.835872 3456192
1789491387.843115 3456192
1789491387.849772 3456192
1789491387.856419 3456192
1789491387.863324 3456192
1789491387.870595 3456192
1789491387.877793 3456192
1789491387.884459 3456192
1789491387.891160 3456192
1789491387.898150 3456192
1789491387.905138 3456192
1789491387.912080 3456192
1789491387.919099 3456192
1789491387.926067 3456192
1789491387.932752 3456192
1789491387.939135 3456192
1789491387.946115 3456192
1789491387.952954 3456192
1789491387.959819 3456192
1789491387.967013 3456192
1789491387.974106 3456192
1789491387.980841 3456192
1789491387.987569 3456192
1789491387.994334 3456192
1789491388.001171 3456192
1789491388.008225 3456192
1789491388.015397 3456192
1789491388.022652 3456192
1789491388.029222 3456192
1789491388.035908 3456192
1789491388.042617 3456192
1789491388.049369 3456192
1789491388.056274 3456192
1789491388.063547 3456192
1789491388.070514 3456192
1789491388.077221 3456192
1789491388.083785 3456192
1789491388.090564 3456192
1789491388.097382 3456192
1789491388.104361 3456192
1789491388.111200 3456192
1789491388.118328 3456192
1789491388.124983 3456192
1789491388.131621 3456192
1789491388.138365 3456192
1789491388.145295 3456192
1789491388.152142 3456192
1789491388.159035 3456192
1789491388.166091 3456192
1789491388.172829 3456192
1789491388.179435 3456192
1789491388.186220 3456192
1789491388.193016 3456192
1789491388.207294 3456192
1789491388.214345 3456192
1789491388.220953 3456192
1789491388.227517 3456192
1789491388.234341 3456192
1789491388.241029 3456192
1789491388.247854 3456192
1789491388.254627 3456192
1789491388.261537 3456192
1789491388.268181 3456192
1789491388.274750 3456192
1789491388.281217 3456192
1789491388.287737 3456192
1789491388.294351 3456192
1789491388.301060 3456192
1789491388.307859 3456192
1789491388.314802 3456192
1789491388.321619 3456192
1789491388.328262 3456192
1789491388.340706 3456192
1789491388.346714 3456192
1789491388.353382 3456192
1789491388.359777 3456192
1789491388.366361 3456192
1789491388.373034 3456192
1789491388.379656 3456192
1789491388.386380 3456192
1789491388.392926 3456192
1789491388.399609 3456192
1789491388.406165 3456192
1789491388.412867 3456192
1789491388.419873 3456192
1789491388.426908 3456192
1789491388.433925 3456192
1789491388.440594 3456192
1789491388.447131 3456192
1789491388.454137 3456192
1789491388.461024 3456192
1789491388.468031 3456192
1789491388.474983 3456192
1789491388.482146 3456192
1789491388.488752 3456192
1789491388.495396 3456192
1789491388.502153 3456192
1789491388.509086 3456192
1789491388.516064 3456192
1789491388.523068 3456192
1789491388.530107 3456192
1789491388.536830 3456192
1789491388.543242 3456192
1789491388.549911 3456192
1789491388.556890 3456192
1789491388.563881 3456192
1789491388.570979 3456192
1789491388.578052 3456192
1789491388.584714 3456192
1789491388.591316 3456192
1789491388.598094 3456192
1789491388.604748 3456192
1789491388.611526 3456192
1789491388.618446 3456192
1789491388.625335 3456192
1789491388.632154 3456192
1789491388.638843 3456192
1789491388.645557 3456192
1789491388.652113 3456192
1789491388.658977 3456192
1789491388.665969 3456192
1789491388.672886 3456192
1789491388.679575 3456192
1789491388.686260 3456192
1789491388.692580 3456192
1789491388.698883 3456192
1789491388.705412 3456192
1789491388.711984 3456192
1789491388.718432 3456192
1789491388.725113 3456192
1789491388.731951 3456192
1789491388.738817 3456192
1789491388.745623 3456192
1789491388.752183 3456192
1789491388.758591 3456192
1789491388.765069 3456192
1789491388.771569 3456192
1789491388.778296 3456192
1789491388.784985 3456192
1789491388.791622 3456192
1789491388.798148 3456192
1789491388.804633 3456192
1789491388.811064 3456192
1789491388.817547 3456192
1789491388.823825 3456192
1789491388.830124 3456192
1789491388.836640 3456192
1789491388.843040 3456192
1789491388.849476 3456192
1789491388.855806 3456192
1789491388.862326 3456192
1789491388.868903 3456192
1789491388.875303 3456192
1789491388.882169 3456192
1789491388.889153 3456192
1789491388.895417 3456192
1789491388.901835 3456192
1789491388.908543 3456192
1789491388.915005 3456192
1789491388.921436 3456192
1789491388.927840 3456192
1789491388.941359 3456192
1789491388.947956 3456192
1789491388.954154 3456192
1789491388.960431 3456192
1789491388.966906 3456192
1789491388.973402 3456192
1789491388.979819 3456192
1789491388.986158 3456192
1789491388.992622 3456192
1789491389.002386 3456192
1789491389.009163 3456192
1789491389.015566 3456192
1789491389.021976 3456192
1789491389.028137 3456192
1789491389.034265 3456192
1789491389.040431 3456192
1789491389.046637 3456192
1789491389.052948 3456192
1789491389.058796 3456192
1789491389.064905 3456192
1789491389.070923 3456192
1789491389.077042 3456192
1789491389.083384 3456192
1789491389.089457 3456192
1789491389.095698 3456192
1789491389.101793 3456192
1789491389.107967 3456192
1789491389.114073 3456192
1789491389.120303 3456192
1789491389.126402 3456192
1789491389.132544 3456192
1789491389.138615 3456192
1789491389.144930 3456192
1789491389.151009 3456192
1789491389.157047 3456192
1789491389.163057 3456192
1789491389.169193 3456192
1789491389.175217 3456192
1789491389.181342 3456192
1789491389.187440 3456192
1789491389.193499 3456192
1789491389.199298 3456192
1789491389.205352 3456192
1789491389.211212 3456192
1789491389.217265 3456192
1789491389.223315 3456192
1789491389.229352 3456192
1789491389.235416 3456192
1789491389.241452 3456192
1789491389.247616 3456192
1789491389.253667 3456192
1789491389.259776 3456192
1789491389.265725 3456192
1789491389.271786 3456192
1789491389.277785 3456192
1789491389.283821 3456192
1789491389.289828 3456192
1789491389.295905 3456192
1789491389.301919 3456192
1789491389.308007 3456192
1789491389.314049 3456192
1789491389.320133 3456192
1789491389.326120 3456192
1789491389.332215 3456192
1789491389.338229 3456192
1789491389.344333 3456192
1789491389.350422 3456192
1789491389.356500 3456192
1789491389.362571 3456192
1789491389.368698 3456192
1789491389.374702 3456192
1789491389.380707 3456192
1789491389.386800 3456192
1789491389.392869 3456192
1789491389.398841 3456192
1789491389.404876 3456192
1789491389.411001 3456192
1789491389.417022 3456192
1789491389.423088 3456192
1789491389.429137 3456192
1789491389.435259 3456192
1789491389.441109 3456192
1789491389.447130 3456192
1789491389.453211 3456192
1789491389.459267 3456192
1789491389.465298 3456192
1789491389.471364 3456192
1789491389.477317 3456192
1789491389.483435 3456192
1789491389.489429 3456192
1789491389.495530 3456192
1789491389.501537 3456192
1789491389.507681 3456192
1789491389.513702 3456192
1789491389.519850 3456192
1789491389.525870 3456192
1789491389.532008 3456192
1789491389.538100 3456192
1789491389.544327 3456192
1789491389.550546 3456192
