1789491144.566249 1819041 0
1789491144.578986 1819041 0
1789491144.591315 1819041 0
1789491144.603688 1819041 0
1789491144.616358 1819041 0
1789491144.628079 1819041 0
1789491144.639920 1819041 0
1789491144.652005 1819041 0
1789491144.664302 1819041 0
1789491144.676629 1819041 0
1789491144.702082 1819041 0
1789491144.714645 1819041 0
1789491144.727168 1819041 0
1789491144.739288 1819041 0
1789491144.751925 1819041 0
1789491144.764455 1819041 0
1789491144.776772 1819041 0
1789491144.788905 1819041 0
1789491144.801025 1819041 0
1789491144.813247 1819041 0
1789491144.825749 1819041 0
1789491144.838234 1819041 0
1789491144.850772 1819041 0
1789491144.862998 1819041 0
1789491144.874989 1819041 0
1789491144.886834 1819041 0
1789491144.898665 1819041 0
1789491144.910519 1819041 0
1789491144.922368 1819041 0
1789491144.934269 1819041 0
1789491144.946083 1819041 0
1789491144.957931 1819041 0
1789491144.969696 1819041 0
1789491144.981351 1819041 0
1789491144.993060 1819041 0
1789491145.008253 1819041 0
1789491145.020549 1819041 0
1789491145.032824 1819041 0
1789491145.045350 1819041 0
1789491145.057489 1819041 0
1789491145.069850 1819041 0
1789491145.082585 1819041 0
1789491145.094909 1819041 0
1789491145.107158 1819041 0
1789491145.119174 1819041 0
1789491145.131362 1819041 0
1789491145.142955 1819041 0
1789491145.154998 1819041 0
1789491145.167010 1819041 0
1789491145.178735 1819041 0
1789491145.190714 1819041 0
1789491145.202648 1819041 0
1789491145.214526 1819041 0
1789491145.226521 1819041 0
1789491145.238424 1819041 0
1789491145.250232 1819041 0
1789491145.262147 1819041 0
1789491145.273948 1819041 0
1789491145.286099 1819041 0
1789491145.298314 1819041 0
1789491145.310724 1819041 0
1789491145.322945 1819041 0
1789491145.335537 1819041 0
1789491145.347788 1819041 0
1789491145.359950 1819041 0
1789491145.372280 1819041 0
1789491145.384817 1819041 0
1789491145.397055 1819041 0
1789491145.409761 1819041 0
1789491145.422371 1819041 0
1789491145.434867 1819041 0
1789491145.447226 1819041 0
1789491145.459578 1819041 0
1789491145.472087 1819041 0
1789491145.484676 1819041 0
1789491145.496650 1819041 0
1789491145.509013 1819041 0
1789491145.521421 1819041 0
1789491145.533946 1819041 0
1789491145.546465 1819041 0
1789491145.558934 1819041 0
1789491145.571259 1819041 0
1789491145.588665 1819041 0
1789491145.603145 1819041 0
1789491145.615476 1819041 0
1789491145.627639 1819041 0
1789491145.639893 1819041 0
1789491145.652320 1819041 0
1789491145.668328 1819041 0
1789491145.679854 1819041 0
1789491145.691399 1819041 0
1789491145.703484 1819041 0
1789491145.722692 1819041 0
1789491145.734645 1819041 0
1789491145.746902 1819041 0
1789491145.759179 1819041 0
1789491145.771627 1819041 0
1789491145.784082 1819041 0
1789491145.796535 1819041 0
1789491145.815217 1819041 0
1789491145.834991 1819041 0
1789491145.847715 1819041 0
1789491145.860216 1819041 0
1789491145.872492 1819041 0
1789491145.885047 1819041 0
1789491145.897568 1819041 0
1789491145.909384 1819041 0
1789491145.921343 1819041 0
1789491145.933086 1819041 0
1789491145.945471 1819041 0
1789491145.958470 1819041 0
1789491145.971134 1819041 0
1789491145.983658 1819041 0
1789491145.996123 1819041 0
1789491146.008696 1819041 0
1789491146.021165 1819041 0
1789491146.040439 1819041 0
1789491146.053237 1819041 0
1789491146.065122 1819041 0
1789491146.077197 1819041 0
1789491146.089097 1819041 0
1789491146.100223 1819041 0
1789491146.111455 1819041 0
1789491146.122491 1819041 0
1789491146.133583 1819041 0
1789491146.145464 1819041 0
1789491146.155906 1819041 0
1789491146.166735 1819041 0
1789491146.177876 1819041 0
1789491146.188846 1819041 0
1789491146.199698 1819041 0
1789491146.210583 1819041 0
1789491146.221272 1819041 0
1789491146.231977 1819041 0
1789491146.242667 1819041 0
1789491146.253363 1819041 0
1789491146.264113 1819041 0
1789491146.274787 1819041 0
1789491146.285513 1819041 0
1789491146.296252 1819041 0
1789491146.306946 1819041 0
1789491146.317680 1819041 0
1789491146.328399 1819041 0
1789491146.339139 1819041 0
1789491146.349877 1819041 0
1789491146.360712 1819041 0
1789491146.371398 1819041 0
1789491146.382017 1819041 0
1789491146.392704 1819041 0
1789491146.403386 1819041 0
1789491146.414129 1819041 0
1789491146.424773 1819041 0
1789491146.434725 1819041 0
1789491146.445456 1819041 0
1789491146.456161 1819041 0
1789491146.467089 1819041 0
1789491146.477897 1819041 0
1789491146.488539 1819041 0
1789491146.498886 1819041 0
1789491146.509331 1819041 0
1789491146.519659 1819041 0
1789491146.529984 1819041 0
1789491146.540271 1819041 0
1789491146.550453 1819041 0
1789491146.560728 1819041 0
1789491146.570925 1819041 0
1789491146.581100 1819041 0
1789491146.591322 1819041 0
1789491146.601601 1819041 0
1789491146.612805 1819041 0
1789491146.623766 1819041 0
1789491146.633287 1819041 0
1789491146.643400 1819041 0
1789491146.653905 1819041 0
1789491146.664292 1819041 0
1789491146.674401 1819041 0
1789491146.684660 1819041 0
1789491146.695811 1819041 0
1789491146.706128 1819041 0
1789491146.716403 1819041 0
1789491146.726620 1819041 0
1789491146.736593 1819041 0
1789491146.746746 1819041 0
1789491146.756819 1819041 0
1789491146.767447 1819041 0
1789491146.777100 1819041 0
1789491146.787255 1819041 0
1789491146.797104 1819041 0
1789491146.806942 1819041 0
1789491146.817038 1819041 0
1789491146.827650 1819041 0
1789491146.843136 1819041 0
1789491146.853276 1819041 0
1789491146.863617 1819041 0
1789491146.873901 1819041 0
1789491146.884133 1819041 0
1789491146.894357 1819041 0
1789491146.904540 1819041 0
1789491146.914714 1819041 0
1789491146.925069 1819041 0
1789491146.936408 1819041 0
1789491146.946877 1819041 0
1789491146.957236 1819041 0
1789491146.972310 1819041 0
1789491146.984071 1819041 0
1789491146.995582 1819041 0
1789491147.007332 1819041 0
1789491147.018956 1819041 0
1789491147.030688 1819041 0
1789491147.042527 1819041 0
1789491147.054276 1819041 0
1789491147.066125 1819041 0
1789491147.078236 1819041 0
1789491147.090227 1819041 0
1789491147.102208 1819041 0
1789491147.114114 1819041 0
1789491147.126300 1819041 0
1789491147.138235 1819041 0
1789491147.150040 1819041 0
1789491147.167802 1819041 0
1789491147.178946 1819041 0
1789491147.189758 1819041 0
1789491147.200818 1819041 0
1789491147.212192 1819041 0
1789491147.223874 1819041 0
1789491147.235127 1819041 0
1789491147.246413 1819041 0
1789491147.257726 1819041 0
1789491147.269111 1819041 0
1789491147.280616 1819041 0
1789491147.292316 1819041 0
1789491147.303618 1819041 0
1789491147.315293 1819041 0
1789491147.327190 1819041 0
1789491147.338823 1819041 0
1789491147.351132 1819041 0
1789491147.363179 1819041 0
1789491147.375376 1819041 0
1789491147.387433 1819041 0
1789491147.399401 1819041 0
1789491147.411206 1819041 0
1789491147.423106 1819041 0
1789491147.435271 1819041 0
1789491147.447122 1819041 0
1789491147.459286 1819041 0
1789491147.471657 1819041 0
1789491147.483423 1819041 0
1789491147.494790 1819041 0
1789491147.506768 1819041 0
1789491147.518978 1819041 0
1789491147.530853 1819041 0
1789491147.542845 1819041 0
1789491147.554336 1819041 0
1789491147.565668 1819041 0
1789491147.577045 1819041 0
1789491147.588494 1819041 0
1789491147.600116 1819041 0
1789491147.611041 1819041 0
1789491147.622070 1819041 0
1789491147.633278 1819041 0
1789491147.644473 1819041 0
1789491147.655689 1819041 0
1789491147.666880 1819041 0
1789491147.677819 1819041 0
1789491147.688976 1819041 0
1789491147.700265 1819041 0
1789491147.711886 1819041 0
1789491147.722731 1819041 0
1789491147.733684 1819041 0
1789491147.744886 1819041 0
1789491147.756089 1819041 0
1789491147.767601 1819041 0
1789491147.778460 1819041 0
1789491147.789527 1819041 0
1789491147.800786 1819041 0
1789491147.812030 1819041 0
1789491147.823627 1819041 0
1789491147.834516 1819041 0
1789491147.845797 1819041 0
1789491147.857065 1819041 0
1789491147.868324 1819041 0
1789491147.879906 1819041 0
1789491147.890788 1819041 0
1789491147.907782 1819041 0
1789491147.918977 1819041 0
1789491147.930405 1819041 0
1789491147.942050 1819041 0
1789491147.953851 1819041 0
1789491147.965386 1819041 0
1789491147.976818 1819041 0
1789491147.988220 1819041 0
1789491147.999916 1819041 0
1789491148.011693 1819041 0
1789491148.029618 1819041 0
1789491148.040270 1819041 0
1789491148.050940 1819041 0
1789491148.061592 1819041 0
1789491148.072296 1819041 0
1789491148.082874 1819041 0
1789491148.093563 1819041 0
1789491148.104178 1819041 0
1789491148.114975 1819041 0
1789491148.125700 1819041 0
1789491148.136466 1819041 0
1789491148.147318 1819041 0
1789491148.162842 1819041 0
1789491148.176200 1819041 0
1789491148.187195 1819041 0
1789491148.198514 1819041 0
1789491148.210132 1819041 0
1789491148.221596 1819041 0
1789491148.232933 1819041 0
1789491148.244225 1819041 0
1789491148.258400 1819041 0
1789491148.269258 1819041 0
1789491148.280309 1819041 0
1789491148.291751 1819041 0
1789491148.308998 1819041 0
1789491148.320476 1819041 0
1789491148.331904 1819041 0
1789491148.343735 1819041 0
1789491148.355464 1819041 0
1789491148.367205 1819041 0
1789491148.383385 1819041 0
1789491148.398705 1819041 0
1789491148.411637 1819041 0
1789491148.428036 1819041 0
1789491148.442874 1819041 0
1789491148.455408 1819041 0
1789491148.467571 1819041 0
1789491148.479660 1819041 0
1789491148.491546 1819041 0
1789491148.503549 1819041 0
1789491148.515470 1819041 0
1789491148.527533 1819041 0
1789491148.539373 1819041 0
1789491148.551117 1819041 0
1789491148.562964 1819041 0
1789491148.574948 1819041 0
1789491148.587334 1819041 0
1789491148.599582 1819041 0
1789491148.611792 1819041 0
1789491148.624126 1819041 0
1789491148.636886 1819041 0
1789491148.648003 1819041 0
1789491148.659180 1819041 0
1789491148.670495 1819041 0
1789491148.681838 1819041 0
1789491148.692859 1819041 0
1789491148.703939 1819041 0
1789491148.715033 1819041 0
1789491148.725502 1819041 0
1789491148.736304 1819041 0
1789491148.747457 1819041 0
1789491148.758588 1819041 0
1789491148.769830 1819041 0
1789491148.781092 1819041 0
1789491148.792307 1819041 0
1789491148.803226 1819041 0
1789491148.814385 1819041 0
1789491148.825613 1819041 0
1789491148.836639 1819041 0
1789491148.847516 1819041 0
1789491148.858589 1819041 0
1789491148.869535 1819041 0
1789491148.880470 1819041 0
1789491148.892499 1819041 0
1789491148.904430 1819041 0
1789491148.916503 1819041 0
1789491148.928511 1819041 0
1789491148.940430 1819041 0
1789491148.952343 1819041 0
1789491148.964317 1819041 0
1789491148.982837 1819041 0
1789491148.996205 1819041 0
1789491149.008591 1819041 0
1789491149.020972 1819041 0
1789491149.033126 1819041 0
1789491149.045110 1819041 0
1789491149.057126 1819041 0
1789491149.069100 1819041 0
1789491149.081110 1819041 0
1789491149.093051 1819041 0
1789491149.105227 1819041 0
1789491149.117503 1819041 0
1789491149.129241 1819041 0
1789491149.140835 1819041 0
1789491149.152118 1819041 0
1789491149.163525 1819041 0
1789491149.179277 1819041 0
1789491149.192400 1819041 0
1789491149.204122 1819041 0
1789491149.215928 1819041 0
1789491149.227720 1819041 0
1789491149.239304 1819041 0
1789491149.250914 1819041 0
1789491149.263187 1819041 0
1789491149.275263 1819041 0
1789491149.287827 1819041 0
1789491149.299667 1819041 0
1789491149.311451 1819041 0
1789491149.323085 1819041 0
1789491149.334800 1819041 0
1789491149.346522 1819041 0
1789491149.358477 1819041 0
1789491149.370145 1819041 0
1789491149.381938 1819041 0
1789491149.393835 1819041 0
1789491149.405629 1819041 0
1789491149.417592 1819041 0
1789491149.429529 1819041 0
1789491149.441316 1819041 0
1789491149.453082 1819041 0
1789491149.465058 1819041 0
1789491149.477434 1819041 0
1789491149.489329 1819041 0
1789491149.501098 1819041 0
1789491149.512804 1819041 0
1789491149.524546 1819041 0
1789491149.536517 1819041 0
1789491149.548359 1819041 0
1789491149.560163 1819041 0
1789491149.572062 1819041 0
1789491149.583918 1819041 0
1789491149.595930 1819041 0
1789491149.607797 1819041 0
1789491149.619596 1819041 0
1789491149.631430 1819041 0
1789491149.643098 1819041 0
1789491149.654832 1819041 0
1789491149.666572 1819041 0
1789491149.678354 1819041 0
1789491149.690309 1819041 0
1789491149.702201 1819041 0
1789491149.713730 1819041 0
1789491149.725979 1819041 0
1789491149.737818 1819041 0
1789491149.749756 1819041 0
1789491149.761947 1819041 0
1789491149.774420 1819041 0
1789491149.786197 1819041 0
1789491149.798249 1819041 0
1789491149.810036 1819041 0
1789491149.821821 1819041 0
1789491149.832683 1819041 0
1789491149.843647 1819041 0
1789491149.854210 1819041 0
1789491149.865173 1819041 0
1789491149.875972 1819041 0
1789491149.886744 1819041 0
1789491149.897571 1819041 0
1789491149.908417 1819041 0
1789491149.919248 1819041 0
1789491149.929895 1819041 0
1789491149.940687 1819041 0
1789491149.951567 1819041 0
1789491149.962350 1819041 0
1789491149.973105 1819041 0
1789491149.983422 1819041 0
1789491149.994096 1819041 0
1789491150.004508 1819041 0
1789491150.014987 1819041 0
1789491150.025344 1819041 0
1789491150.040829 1819041 0
1789491150.051518 1819041 0
1789491150.061857 1819041 0
1789491150.072445 1819041 0
1789491150.083213 1819041 0
1789491150.094239 1819041 0
1789491150.105037 1819041 0
1789491150.116112 1819041 0
1789491150.126989 1819041 0
1789491150.137455 1819041 0
1789491150.148522 1819041 0
1789491150.159176 1819041 0
1789491150.169851 1819041 0
1789491150.180936 1819041 0
1789491150.191670 1819041 0
1789491150.202634 1819041 0
1789491150.213037 1819041 0
1789491150.223394 1819041 0
1789491150.233748 1819041 0
1789491150.244997 1819041 0
1789491150.256762 1819041 0
1789491150.274856 1819041 0
1789491150.286053 1819041 0
1789491150.297436 1819041 0
1789491150.308975 1819041 0
1789491150.320711 1819041 0
1789491150.333352 1819041 0
1789491150.345559 1819041 0
1789491150.357377 1819041 0
1789491150.369200 1819041 0
1789491150.381232 1819041 0
1789491150.393071 1819041 0
1789491150.405161 1819041 0
1789491150.417132 1819041 0
1789491150.428776 1819041 0
1789491150.440709 1819041 0
1789491150.452824 1819041 0
1789491150.465328 1819041 0
1789491150.477899 1819041 0
1789491150.496699 1819041 0
1789491150.508977 1819041 0
1789491150.521237 1819041 0
1789491150.533668 1819041 0
1789491150.545980 1819041 0
1789491150.558520 1819041 0
1789491150.570800 1819041 0
1789491150.583176 1819041 0
1789491150.595573 1819041 0
1789491150.608072 1819041 0
1789491150.620462 1819041 0
1789491150.632775 1819041 0
1789491150.645175 1819041 0
1789491150.657361 1819041 0
1789491150.669696 1819041 0
1789491150.681763 1819041 0
1789491150.693766 1819041 0
1789491150.705805 1819041 0
1789491150.718141 1819041 0
1789491150.730481 1819041 0
1789491150.742614 1819041 0
1789491150.755113 1819041 0
1789491150.767205 1819041 0
1789491150.779271 1819041 0
1789491150.791148 1819041 0
1789491150.803077 1819041 0
1789491150.815508 1819041 0
1789491150.827783 1819041 0
1789491150.840251 1819041 0
1789491150.852642 1819041 0
1789491150.864789 1819041 0
1789491150.876555 1819041 0
1789491150.888336 1819041 0
1789491150.900240 1819041 0
1789491150.912001 1819041 0
1789491150.923634 1819041 0
1789491150.935319 1819041 0
1789491150.946918 1819041 0
1789491150.958494 1819041 0
1789491150.970206 1819041 0
1789491150.982078 1819041 0
1789491150.993903 1819041 0
1789491151.006022 1819041 0
1789491151.017176 1819041 0
1789491151.027785 1819041 0
1789491151.038745 1819041 0
1789491151.049641 1819041 0
1789491151.060778 1819041 0
1789491151.071609 1819041 0
1789491151.082442 1819041 0
1789491151.093475 1819041 0
1789491151.104474 1819041 0
1789491151.121067 1819041 0
1789491151.139238 1819041 0
1789491151.151284 1819041 0
1789491151.163132 1819041 0
1789491151.175039 1819041 0
1789491151.187008 1819041 0
1789491151.199363 1819041 0
1789491151.212036 1819041 0
1789491151.224156 1819041 0
1789491151.236345 1819041 0
1789491151.248481 1819041 0
1789491151.266156 1819041 0
1789491151.278422 1819041 0
1789491151.290433 1819041 0
1789491151.302229 1819041 0
1789491151.314187 1819041 0
1789491151.325145 1819041 0
1789491151.342659 1955740 0
1789491151.358207 2532728 0
1789491151.370544 2730079 0
1789491151.388860 2730079 0
1789491151.407284 2730079 0
1789491151.418613 2730079 0
1789491151.430003 2730079 0
1789491151.440962 2730079 0
1789491151.451783 2730079 0
1789491151.462724 2730079 0
1789491151.473808 2730079 0
1789491151.484990 2730079 0
1789491151.495986 2730079 0
1789491151.507123 2730079 0
1789491151.518317 2730079 0
1789491151.529351 2730079 0
1789491151.540486 2730079 0
1789491151.551376 2730079 0
1789491151.562366 2730079 0
1789491151.573458 2730079 0
1789491151.584484 2730079 0
1789491151.595368 2730079 0
1789491151.606274 2730079 0
1789491151.617261 2730079 0
1789491151.628305 2730079 0
1789491151.639323 2730079 0
1789491151.650337 2730079 0
1789491151.661351 2730079 0
1789491151.672523 2730079 0
1789491151.683496 2730079 0
1789491151.694409 2730079 0
1789491151.705455 2730079 0
1789491151.716527 2730079 0
1789491151.727481 2730079 0
1789491151.739403 2730079 0
1789491151.750332 2730079 0
1789491151.761342 2730079 0
1789491151.772531 2730079 0
1789491151.783464 2730079 0
1789491151.794432 2730079 0
1789491151.805214 2730079 0
1789491151.816335 2730079 0
1789491151.827353 2730079 0
1789491151.838432 2730079 0
1789491151.849474 2730079 0
1789491151.860588 2730079 0
1789491151.871659 2730079 0
1789491151.882591 2730079 0
1789491151.893618 2730079 0
1789491151.904853 2730079 0
1789491151.916044 2730079 0
1789491151.927083 2730079 0
1789491151.938277 2730079 0
1789491151.949387 2730079 0
1789491151.960494 2730079 0
1789491151.971217 2730079 0
1789491151.981864 2730079 0
1789491151.992511 2730079 0
1789491152.003056 2730079 0
1789491152.013581 2730079 0
1789491152.024145 2730079 0
1789491152.035003 2730079 0
1789491152.045560 2730079 0
1789491152.056093 2730079 0
1789491152.066456 2730079 0
1789491152.076992 2730079 0
1789491152.087361 2730079 0
1789491152.097659 2730079 0
1789491152.107982 2730079 0
1789491152.118246 2730079 0
1789491152.128544 2730079 0
1789491152.138794 2730079 0
1789491152.149111 2730079 0
1789491152.159361 2730079 0
1789491152.175175 2730079 0
1789491152.185409 2730079 0
1789491152.195425 2730079 0
1789491152.206232 2730079 0
1789491152.216932 2730079 0
1789491152.227300 2730079 0
1789491152.237553 2730079 0
1789491152.247607 2730079 0
1789491152.258759 2730079 0
1789491152.269191 2730079 0
1789491152.279472 2730079 0
1789491152.289792 2730079 0
1789491152.300116 2730079 0
1789491152.310406 2730079 0
1789491152.320592 2730079 0
1789491152.330210 2730079 0
1789491152.340841 2730079 0
1789491152.351486 2730079 0
1789491152.361509 2730079 0
1789491152.371801 2730079 0
1789491152.382588 2730079 0
1789491152.392881 2730079 0
1789491152.403120 2730079 0
1789491152.413396 2730079 0
1789491152.423684 2730079 0
1789491152.433951 2730079 0
1789491152.444146 2730079 0
1789491152.454143 2730079 0
1789491152.464464 2730079 0
1789491152.474778 2730079 0
1789491152.485189 2730079 0
1789491152.495776 2730079 0
1789491152.506357 2730079 0
1789491152.516785 2730079 0
1789491152.527084 2730079 0
1789491152.536790 2730079 0
1789491152.547309 2730079 0
1789491152.557269 2730079 0
1789491152.567284 2730079 0
1789491152.578535 2730079 0
1789491152.590357 2730079 0
1789491152.602280 2730079 0
1789491152.613991 2730079 0
1789491152.625858 2730079 0
1789491152.637675 2730079 0
1789491152.654245 2730079 0
1789491152.666006 2730079 0
1789491152.676601 2730079 0
1789491152.687652 2730079 0
1789491152.698907 2730079 0
1789491152.716717 2730079 0
1789491152.728923 2730079 0
1789491152.739556 2730079 0
1789491152.750161 2730079 0
1789491152.760801 2730079 0
1789491152.771378 2730079 0
1789491152.781978 2730079 0
1789491152.792604 2730079 0
1789491152.803239 2730079 0
1789491152.813855 2730079 0
1789491152.824526 2730079 0
1789491152.835164 2730079 0
1789491152.845800 2730079 0
1789491152.856766 2730079 0
1789491152.867723 2730079 0
1789491152.878815 2730079 0
1789491152.891064 2730079 0
1789491152.903066 2730079 0
1789491152.914918 2730079 0
1789491152.926718 2730079 0
1789491152.938563 2730079 0
1789491152.950396 2730079 0
1789491152.962292 2730079 0
1789491152.974032 2730079 0
1789491152.985832 2730079 0
1789491153.001331 2730079 0
1789491153.015625 2730079 0
1789491153.033230 2730079 0
1789491153.044316 2730079 0
1789491153.055459 2730079 0
1789491153.067478 2730079 0
1789491153.079638 2730079 0
1789491153.091873 2730079 0
1789491153.104271 2730079 0
1789491153.116220 2730079 0
1789491153.128393 2730079 0
1789491153.140484 2730079 0
1789491153.152528 2730079 0
1789491153.164593 2730079 0
1789491153.176481 2730079 0
1789491153.187408 2730079 0
1789491153.204731 2730079 0
1789491153.215758 2730079 0
1789491153.226832 2730079 0
1789491153.237745 2730079 0
1789491153.248880 2730079 0
1789491153.259079 2730079 0
1789491153.270265 2730079 0
1789491153.281206 2730079 0
1789491153.291932 2730079 0
1789491153.302650 2730079 0
1789491153.313385 2730079 0
1789491153.324058 2730079 0
1789491153.334583 2730079 0
1789491153.345278 2730079 0
1789491153.355956 2730079 0
1789491153.366656 2730079 0
1789491153.377333 2730079 0
1789491153.388197 2730079 0
1789491153.399216 2730079 0
1789491153.409961 2730079 0
1789491153.420650 2730079 0
1789491153.431293 2730079 0
1789491153.442051 2730079 0
1789491153.452733 2730079 0
1789491153.463415 2730079 0
1789491153.474271 2730079 0
1789491153.485363 2730079 0
1789491153.496477 2730079 0
1789491153.507606 2730079 0
1789491153.518551 2730079 0
1789491153.529703 2730079 0
1789491153.540644 2730079 0
1789491153.551331 2730079 0
1789491153.562320 2730079 0
1789491153.573178 2730079 0
1789491153.583987 2730079 0
1789491153.594873 2730079 0
1789491153.604791 2730079 0
1789491153.615119 2730079 0
1789491153.625101 2730079 0
1789491153.634860 2730079 0
1789491153.644877 2730079 0
1789491153.655058 2730079 0
1789491153.664580 2730079 0
1789491153.674989 2730079 0
1789491153.685021 2730079 0
1789491153.694776 2730079 0
1789491153.704604 2730079 0
1789491153.714837 2730079 0
1789491153.724783 2730079 0
1789491153.735594 2730079 0
1789491153.745439 2730079 0
1789491153.755258 2730079 0
1789491153.765260 2730079 0
1789491153.775480 2730079 0
1789491153.785203 2730079 0
1789491153.795270 2730079 0
1789491153.805212 2730079 0
1789491153.815537 2730079 0
1789491153.827323 2730079 0
1789491153.838686 2730079 0
1789491153.848924 2730079 0
1789491153.859446 2730079 0
1789491153.869866 2730079 0
1789491153.880068 2730079 0
1789491153.890589 2730079 0
1789491153.901090 2730079 0
1789491153.911739 2730079 0
1789491153.922725 2730079 0
1789491153.933639 2730079 0
1789491153.944393 2730079 0
1789491153.954990 2730079 0
1789491153.965550 2730079 0
1789491153.976016 2730079 0
1789491153.986480 2730079 0
1789491153.997074 2730079 0
1789491154.007294 2730079 0
1789491154.017753 2730079 0
1789491154.028284 2730079 0
1789491154.038877 2730079 0
1789491154.049425 2730079 0
1789491154.060014 2730079 0
1789491154.070507 2730079 0
1789491154.081038 2730079 0
1789491154.091651 2730079 0
1789491154.102165 2730079 0
1789491154.112459 2730079 0
1789491154.123004 2730079 0
1789491154.133634 2730079 0
1789491154.143937 2730079 0
1789491154.154055 2730079 0
1789491154.164041 2730079 0
1789491154.180441 2730079 0
1789491154.190762 2730079 0
1789491154.201095 2730079 0
1789491154.211294 2730079 0
1789491154.221593 2730079 0
1789491154.231539 2730079 0
1789491154.241966 2730079 0
1789491154.252187 2730079 0
1789491154.262221 2730079 0
1789491154.272918 2730079 0
1789491154.283325 2730079 0
1789491154.294035 2730079 0
1789491154.305017 2730079 0
1789491154.315952 2730079 0
1789491154.326654 2730079 0
1789491154.337592 2730079 0
1789491154.348506 2730079 0
1789491154.359325 2730079 0
1789491154.370044 2730079 0
1789491154.380964 2730079 0
1789491154.391923 2730079 0
1789491154.402844 2730079 0
1789491154.413799 2730079 0
1789491154.424779 2730079 0
1789491154.435707 2730079 0
1789491154.446650 2730079 0
1789491154.457608 2730079 0
1789491154.468580 2730079 0
1789491154.479622 2730079 0
1789491154.490546 2730079 0
1789491154.501528 2730079 0
1789491154.512445 2730079 0
1789491154.523298 2730079 0
1789491154.533998 2730079 0
1789491154.544963 2730079 0
1789491154.555862 2730079 0
1789491154.566786 2730079 0
1789491154.577717 2730079 0
1789491154.588648 2730079 0
1789491154.607094 2730079 0
1789491154.618327 2730079 0
1789491154.629673 2730079 0
1789491154.641472 2730079 0
1789491154.653233 2730079 0
1789491154.665046 2730079 0
1789491154.677488 2730079 0
1789491154.690323 2730079 0
1789491154.702116 2730079 0
1789491154.714125 2730079 0
1789491154.726139 2730079 0
1789491154.737980 2730079 0
1789491154.749889 2730079 0
1789491154.761766 2730079 0
1789491154.773566 2730079 0
1789491154.785415 2730079 0
1789491154.797260 2730079 0
1789491154.809313 2730079 0
1789491154.821635 2730079 0
1789491154.833754 2730079 0
1789491154.845658 2730079 0
1789491154.857745 2730079 0
1789491154.870117 2730079 0
1789491154.882367 2730079 0
1789491154.894596 2730079 0
1789491154.907034 2730079 0
1789491154.919303 2730079 0
1789491154.931316 2730079 0
1789491154.943451 2730079 0
1789491154.955149 2730079 0
1789491154.967283 2730079 0
1789491154.979546 2730079 0
1789491154.991506 2730079 0
1789491155.006802 2730079 0
1789491155.018919 2730079 0
1789491155.031488 2730079 0
1789491155.043777 2730079 0
1789491155.055663 2730079 0
1789491155.067510 2730079 0
1789491155.079196 2730079 0
1789491155.091213 2730079 0
1789491155.103314 2730079 0
1789491155.115107 2730079 0
1789491155.126659 2730079 0
1789491155.138378 2730079 0
1789491155.150933 2730079 0
1789491155.162262 2730079 0
1789491155.173758 2730079 0
1789491155.185222 2730079 0
1789491155.196680 2730079 0
1789491155.208176 2730079 0
1789491155.226076 2730079 0
1789491155.237603 2730079 0
1789491155.249090 2730079 0
1789491155.260638 2730079 0
1789491155.272070 2730079 0
1789491155.283487 2730079 0
1789491155.294897 2730079 0
1789491155.306430 2730079 0
1789491155.318182 2730079 0
1789491155.329505 2730079 0
1789491155.341163 2730079 0
1789491155.352931 2730079 0
1789491155.364729 2730079 0
1789491155.376758 2730079 0
1789491155.388987 2730079 0
1789491155.401245 2730079 0
1789491155.413528 2730079 0
1789491155.425606 2730079 0
1789491155.437424 2730079 0
1789491155.449379 2730079 0
1789491155.460692 2730079 0
1789491155.471581 2730079 0
1789491155.482657 2730079 0
1789491155.493789 2730079 0
1789491155.505842 2730079 0
1789491155.517785 2730079 0
1789491155.529862 2730079 0
1789491155.541687 2730079 0
1789491155.559752 2730079 0
1789491155.572685 2730079 0
1789491155.583638 2730079 0
1789491155.594529 2730079 0
1789491155.605476 2730079 0
1789491155.616631 2730079 0
1789491155.628003 2730079 0
1789491155.638561 2730079 0
1789491155.649414 2730079 0
1789491155.660506 2730079 0
1789491155.671638 2730079 0
1789491155.682709 2730079 0
1789491155.693749 2730079 0
1789491155.704792 2730079 0
1789491155.715855 2730079 0
1789491155.726796 2730079 0
1789491155.737875 2730079 0
1789491155.749784 2730079 0
1789491155.761750 2730079 0
1789491155.779503 2730079 0
1789491155.790966 2730079 0
1789491155.802495 2730079 0
1789491155.814461 2730079 0
1789491155.832509 2730079 0
1789491155.844227 2730079 0
1789491155.855620 2730079 0
1789491155.866992 2730079 0
1789491155.878437 2730079 0
1789491155.890309 2730079 0
1789491155.901779 2730079 0
1789491155.913091 2730079 0
1789491155.924435 2730079 0
1789491155.935968 2730079 0
1789491155.947412 2730079 0
1789491155.958809 2730079 0
1789491155.970355 2730079 0
1789491155.982003 2730079 0
1789491155.993330 2730079 0
1789491156.004731 2730079 0
1789491156.016152 2730079 0
1789491156.027569 2730079 0
1789491156.038931 2730079 0
1789491156.050361 2730079 0
1789491156.061982 2730079 0
1789491156.073593 2730079 0
1789491156.084960 2730079 0
1789491156.096342 2730079 0
1789491156.107718 2730079 0
1789491156.119168 2730079 0
1789491156.130603 2730079 0
1789491156.142194 2730079 0
1789491156.153781 2730079 0
1789491156.165204 2730079 0
1789491156.176775 2730079 0
1789491156.188222 2730079 0
1789491156.199716 2730079 0
1789491156.211229 2730079 0
1789491156.222605 2730079 0
1789491156.234213 2730079 0
1789491156.245819 2730079 0
1789491156.257195 2730079 0
1789491156.268578 2730079 0
1789491156.286431 2730079 0
1789491156.298302 2730079 0
1789491156.309785 2730079 0
1789491156.321270 2730079 0
1789491156.332699 2730079 0
1789491156.344127 2730079 0
1789491156.355812 2730079 0
1789491156.367213 2730079 0
1789491156.378546 2730079 0
1789491156.389890 2730079 0
1789491156.401359 2730079 0
1789491156.412737 2730079 0
1789491156.424232 2730079 0
1789491156.435987 2730079 0
1789491156.447737 2730079 0
1789491156.459087 2730079 0
1789491156.470371 2730079 0
1789491156.481964 2730079 0
1789491156.493484 2730079 0
1789491156.504928 2730079 0
1789491156.516254 2730079 0
1789491156.528067 2730079 0
1789491156.539240 2730079 0
1789491156.550828 2730079 0
1789491156.562404 2730079 0
1789491156.573969 2730079 0
1789491156.585439 2730079 0
1789491156.596918 2730079 0
1789491156.608202 2730079 0
1789491156.620042 2730079 0
1789491156.631547 2730079 0
1789491156.642823 2730079 0
1789491156.654483 2730079 0
1789491156.666531 2730079 0
1789491156.678620 2730079 0
1789491156.690782 2730079 0
1789491156.703499 2730079 0
1789491156.716151 2730079 0
1789491156.728603 2730079 0
1789491156.740943 2730079 0
1789491156.753162 2730079 0
1789491156.765020 2730079 0
1789491156.777521 2730079 0
1789491156.789902 2730079 0
1789491156.802075 2730079 0
1789491156.814513 2730079 0
1789491156.826515 2730079 0
1789491156.838322 2730079 0
1789491156.850265 2730079 0
1789491156.868352 2730079 0
1789491156.879477 2730079 0
1789491156.890611 2730079 0
1789491156.901421 2730079 0
1789491156.912364 2730079 0
1789491156.923437 2730079 0
1789491156.934521 2730079 0
1789491156.950113 2730079 0
1789491156.962656 2730079 0
1789491156.973279 2730079 0
1789491156.983885 2730079 0
1789491156.994608 2730079 0
1789491157.007450 2730079 0
1789491157.019034 2730079 0
1789491157.030021 2730079 0
1789491157.041232 2730079 0
1789491157.052360 2730079 0
1789491157.063707 2730079 0
1789491157.074668 2730079 0
1789491157.086056 2730079 0
1789491157.097103 2730079 0
1789491157.108320 2730079 0
1789491157.119374 2730079 0
1789491157.130410 2730079 0
1789491157.140742 2730079 0
1789491157.152709 2730079 0
1789491157.163812 2730079 0
1789491157.174967 2730079 0
1789491157.186007 2730079 0
1789491157.197201 2730079 0
1789491157.208459 2730079 0
1789491157.219618 2730079 0
1789491157.230752 2730079 0
1789491157.241668 2730079 0
1789491157.252748 2730079 0
1789491157.263834 2730079 0
1789491157.274740 2730079 0
1789491157.285824 2730079 0
1789491157.296894 2730079 0
1789491157.307921 2730079 0
1789491157.318947 2730079 0
1789491157.330034 2730079 0
1789491157.341107 2730079 0
1789491157.359035 2730079 0
1789491157.370270 2730079 0
1789491157.381407 2730079 0
1789491157.392390 2730079 0
1789491157.403237 2730079 0
1789491157.414237 2730079 0
1789491157.425408 2730079 0
1789491157.436218 2730079 0
1789491157.447124 2730079 0
1789491157.457622 2730079 0
1789491157.468441 2730079 0
1789491157.479198 2730079 0
1789491157.490829 2730079 0
1789491157.502825 2730079 0
1789491157.514954 2730079 0
1789491157.527041 2730079 0
1789491157.539446 2730079 0
1789491157.551621 2730079 0
1789491157.564123 2730079 0
1789491157.576679 2730079 0
1789491157.589149 2730079 0
1789491157.601654 2730079 0
1789491157.613850 2730079 0
1789491157.626026 2730079 0
1789491157.638467 2730079 0
1789491157.650869 2730079 0
1789491157.663480 2730079 0
1789491157.676018 2730079 0
1789491157.688542 2730079 0
1789491157.701130 2730079 0
1789491157.713578 2730079 0
1789491157.725697 2730079 0
1789491157.737532 2730079 0
1789491157.749621 2730079 0
1789491157.761825 2730079 0
1789491157.774116 2730079 0
1789491157.786579 2730079 0
1789491157.798816 2730079 0
1789491157.811402 2730079 0
1789491157.823586 2730079 0
1789491157.836042 2730079 0
1789491157.848434 2730079 0
1789491157.860223 2730079 0
1789491157.872118 2730079 0
1789491157.884217 2730079 0
1789491157.896526 2730079 0
1789491157.908803 2730079 0
1789491157.921160 2730079 0
1789491157.933734 2730079 0
1789491157.946418 2730079 0
1789491157.959117 2730079 0
1789491157.971552 2730079 0
1789491157.983511 2730079 0
1789491157.994917 2730079 0
1789491158.006584 2730079 0
1789491158.018520 2730079 0
1789491158.030478 2730079 0
1789491158.042883 2730079 0
1789491158.055553 2730079 0
1789491158.067460 2730079 0
1789491158.079811 2730079 0
1789491158.091786 2730079 0
1789491158.103848 2730079 0
1789491158.115473 2730079 0
1789491158.127259 2730079 0
1789491158.139050 2730079 0
1789491158.150860 2730079 0
1789491158.162721 2730079 0
1789491158.174810 2730079 0
1789491158.186924 2730079 0
1789491158.198666 2730079 0
1789491158.210524 2730079 0
1789491158.222408 2730079 0
1789491158.234380 2730079 0
1789491158.246184 2730079 0
1789491158.258193 2730079 0
1789491158.270143 2730079 0
1789491158.281925 2730079 0
1789491158.293806 2730079 0
1789491158.305701 2730079 0
1789491158.317595 2730079 0
1789491158.329336 2730079 0
1789491158.341133 2730079 0
1789491158.352123 2730079 0
1789491158.362937 2730079 0
1789491158.373829 2730079 0
1789491158.385755 2730079 0
1789491158.397481 2730079 0
1789491158.409200 2730079 0
1789491158.421031 2730079 0
1789491158.439124 2730079 0
1789491158.451210 2730079 0
1789491158.463122 2730079 0
1789491158.474870 2730079 0
1789491158.486645 2730079 0
1789491158.498509 2730079 0
1789491158.510209 2730079 0
1789491158.522015 2730079 0
1789491158.539877 2730079 0
1789491158.551632 2730079 0
1789491158.563279 2730079 0
1789491158.575031 2730079 0
1789491158.586864 2730079 0
1789491158.598342 2730079 0
1789491158.609802 2730079 0
1789491158.621174 2730079 0
1789491158.632603 2730079 0
1789491158.644095 2730079 0
1789491158.655859 2730079 0
1789491158.667364 2730079 0
1789491158.678810 2730079 0
1789491158.690398 2730079 0
1789491158.701972 2730079 0
1789491158.713400 2730079 0
1789491158.724769 2730079 0
1789491158.736070 2730079 0
1789491158.747804 2730079 0
1789491158.759177 2730079 0
1789491158.770542 2730079 0
1789491158.781945 2730079 0
1789491158.793119 2730079 0
1789491158.804500 2730079 0
1789491158.816038 2730079 0
1789491158.827371 2730079 0
1789491158.838703 2730079 0
1789491158.850155 2730079 0
1789491158.861706 2730079 0
1789491158.873092 2730079 0
1789491158.884644 2730079 0
1789491158.896287 2730079 0
1789491158.907631 2730079 0
1789491158.918894 2730079 0
1789491158.930239 2730079 0
1789491158.941490 2730079 0
1789491158.952768 2730079 0
1789491158.964039 2730079 0
1789491158.975401 2730079 0
1789491158.986699 2730079 0
1789491159.001895 2730079 0
1789491159.014198 2730079 0
1789491159.025701 2730079 0
1789491159.037457 2730079 0
1789491159.049113 2730079 0
1789491159.060784 2730079 0
1789491159.072652 2730079 0
1789491159.084426 2730079 0
1789491159.095908 2730079 0
1789491159.107287 2730079 0
1789491159.118558 2730079 0
1789491159.129736 2730079 0
1789491159.140924 2730079 0
1789491159.152047 2730079 0
1789491159.162905 2730079 0
1789491159.174031 2730079 0
1789491159.185500 2730079 0
1789491159.196807 2730079 0
1789491159.207976 2730079 0
1789491159.219079 2730079 0
1789491159.230295 2730079 0
1789491159.241499 2730079 0
1789491159.252706 2730079 0
1789491159.263879 2730079 0
1789491159.275125 2730079 0
1789491159.286334 2730079 0
1789491159.297708 2730079 0
1789491159.308715 2730079 0
1789491159.319993 2730079 0
1789491159.331247 2730079 0
1789491159.342370 2730079 0
1789491159.353573 2730079 0
1789491159.364503 2730079 0
1789491159.375039 2730079 0
1789491159.385875 2730079 0
1789491159.396603 2730079 0
1789491159.407404 2730079 0
1789491159.418044 2730079 0
1789491159.428834 2730079 0
1789491159.439215 2730079 0
1789491159.449742 2730079 0
1789491159.460597 2730079 0
1789491159.471183 2730079 0
1789491159.488417 2730079 0
1789491159.499388 2730079 0
1789491159.510505 2730079 0
1789491159.522081 2730079 0
1789491159.533538 2730079 0
1789491159.544518 2730079 0
1789491159.555566 2730079 0
1789491159.566723 2730079 0
1789491159.577937 2730079 0
1789491159.589269 2730079 0
1789491159.604929 2730079 0
1789491159.618154 2730079 0
1789491159.628782 2730079 0
1789491159.639314 2730079 0
1789491159.650027 2730079 0
1789491159.660676 2730079 0
1789491159.671302 2730079 0
1789491159.681894 2730079 0
1789491159.692503 2730079 0
1789491159.703230 2730079 0
1789491159.714190 2730079 0
1789491159.725144 2730079 0
1789491159.736105 2730079 0
1789491159.747062 2730079 0
1789491159.758052 2730079 0
1789491159.769008 2730079 0
1789491159.779824 2730079 0
1789491159.790644 2730079 0
1789491159.801570 2730079 0
1789491159.812505 2730079 0
1789491159.823443 2730079 0
1789491159.834389 2730079 0
1789491159.845213 2730079 0
1789491159.856187 2730079 0
1789491159.867022 2730079 0
1789491159.884631 2730079 0
1789491159.896864 2730079 0
1789491159.908659 2730079 0
1789491159.926987 2730079 0
1789491159.938994 2730079 0
1789491159.951182 2730079 0
1789491159.962949 2730079 0
1789491159.975525 2730079 0
1789491159.987587 2730079 0
1789491160.000053 2730079 0
1789491160.016701 2730079 0
1789491160.030101 2730079 0
1789491160.042586 2730079 0
1789491160.055235 2730079 0
1789491160.067666 2730079 0
1789491160.080106 2730079 0
1789491160.091992 2730079 0
1789491160.109772 2730079 0
1789491160.121751 2730079 0
1789491160.133819 2730079 0
1789491160.146041 2730079 0
1789491160.163386 2730079 0
1789491160.175216 2730079 0
1789491160.187593 2730079 0
1789491160.200052 2730079 0
1789491160.212733 2730079 0
1789491160.225208 2730079 0
1789491160.237823 2730079 0
1789491160.250082 2730079 0
1789491160.262432 2730079 0
1789491160.275041 2730079 0
1789491160.287420 2730079 0
1789491160.299448 2730079 0
1789491160.311429 2730079 0
1789491160.323215 2730079 0
1789491160.335456 2730079 0
1789491160.347639 2730079 0
1789491160.359765 2730079 0
1789491160.372180 2730079 0
1789491160.384628 2730079 0
1789491160.396707 2730079 0
1789491160.408672 2730079 0
1789491160.420815 2730079 0
1789491160.433178 2730079 0
1789491160.445479 2730079 0
1789491160.457860 2730079 0
1789491160.470249 2730079 0
1789491160.482603 2730079 0
1789491160.495028 2730079 0
1789491160.507722 2730079 0
1789491160.520046 2730079 0
1789491160.531993 2730079 0
1789491160.543962 2730079 0
1789491160.556002 2730079 0
1789491160.567954 2730079 0
1789491160.580261 2730079 0
1789491160.591919 2730079 0
1789491160.614878 2730079 0
1789491160.632444 2730079 0
1789491160.646164 2730079 0
1789491160.657173 2730079 0
1789491160.668147 2730079 0
1789491160.678320 2730079 0
1789491160.689242 2730079 0
1789491160.700171 2730079 0
1789491160.711368 2730079 0
1789491160.722451 2730079 0
1789491160.733600 2730079 0
1789491160.744680 2730079 0
1789491160.755768 2730079 0
1789491160.766609 2730079 0
1789491160.777536 2730079 0
1789491160.788434 2730079 0
1789491160.799371 2730079 0
1789491160.810299 2730079 0
1789491160.821008 2730079 0
1789491160.831840 2730079 0
1789491160.842882 2730079 0
1789491160.853918 2730079 0
1789491160.865141 2730079 0
1789491160.876208 2730079 0
1789491160.887267 2730079 0
1789491160.898295 2730079 0
1789491160.909379 2730079 0
1789491160.920520 2730079 0
1789491160.931525 2730079 0
1789491160.942521 2730079 0
1789491160.953511 2730079 0
1789491160.964324 2730079 0
1789491160.975364 2730079 0
1789491160.986356 2730079 0
1789491161.000400 2730079 0
1789491161.012083 2730079 0
1789491161.028342 2730079 0
1789491161.039620 2730079 0
1789491161.050457 2730079 0
1789491161.061411 2730079 0
1789491161.072494 2730079 0
1789491161.083795 2730079 0
1789491161.095288 2730079 0
1789491161.106359 2730079 0
1789491161.117518 2730079 0
1789491161.128609 2730079 0
1789491161.139753 2730079 0
1789491161.150724 2730079 0
1789491161.161850 2730079 0
1789491161.178452 2730079 0
1789491161.190059 2730079 0
1789491161.201813 2730079 0
1789491161.213555 2730079 0
1789491161.229991 2730079 0
1789491161.241427 2730079 0
1789491161.252699 2730079 0
1789491161.264102 2730079 0
1789491161.275585 2730079 0
1789491161.287097 2730079 0
1789491161.298590 2730079 0
1789491161.310173 2730079 0
1789491161.321786 2730079 0
1789491161.333161 2730079 0
1789491161.344534 2730079 0
1789491161.355947 2730079 0
1789491161.367612 2730079 0
1789491161.379042 2730079 0
1789491161.390409 2730079 0
1789491161.402000 2730079 0
1789491161.413621 2730079 0
1789491161.425170 2730079 0
1789491161.436720 2730079 0
1789491161.447985 2730079 0
1789491161.459328 2730079 0
1789491161.470789 2730079 0
1789491161.482477 2730079 0
1789491161.493934 2730079 0
1789491161.505294 2730079 0
1789491161.516871 2730079 0
1789491161.528297 2730079 0
1789491161.539998 2730079 0
1789491161.551575 2730079 0
1789491161.563405 2730079 0
1789491161.575046 2730079 0
1789491161.586468 2730079 0
1789491161.598066 2730079 0
1789491161.609452 2730079 0
1789491161.620809 2730079 0
1789491161.632181 2730079 0
1789491161.643526 2730079 0
1789491161.661844 2730079 0
1789491161.673300 2730079 0
1789491161.684790 2730079 0
1789491161.696264 2730079 0
1789491161.708029 2730079 0
1789491161.719420 2730079 0
1789491161.730803 2730079 0
1789491161.742283 2730079 0
1789491161.753729 2730079 0
1789491161.765152 2730079 0
1789491161.776754 2730079 0
1789491161.788207 2730079 0
1789491161.799910 2730079 0
1789491161.811302 2730079 0
1789491161.822680 2730079 0
1789491161.834066 2730079 0
1789491161.845845 2730079 0
1789491161.862804 2730079 0
1789491161.874898 2730079 0
1789491161.886861 2730079 0
1789491161.899017 2730079 0
1789491161.911302 2730079 0
1789491161.923601 2730079 0
1789491161.935897 2730079 0
1789491161.948371 2730079 0
1789491161.964885 2730079 0
1789491161.976904 2730079 0
1789491161.988488 2730079 0
1789491162.000031 2730079 0
1789491162.011582 2730079 0
1789491162.023031 2730079 0
1789491162.034540 2730079 0
1789491162.046114 2730079 0
1789491162.063556 2730079 0
1789491162.075457 2730079 0
1789491162.087909 2730079 0
1789491162.100970 2730079 0
1789491162.113704 2730079 0
1789491162.126645 2730079 0
1789491162.139284 2730079 0
1789491162.151660 2730079 0
1789491162.164131 2730079 0
1789491162.176686 2730079 0
1789491162.188979 2730079 0
1789491162.201407 2730079 0
1789491162.213244 2730079 0
1789491162.225261 2730079 0
1789491162.237469 2730079 0
1789491162.249871 2730079 0
1789491162.261939 2730079 0
1789491162.273987 2730079 0
1789491162.286255 2730079 0
1789491162.298132 2730079 0
1789491162.310075 2730079 0
1789491162.322336 2730079 0
1789491162.334596 2730079 0
1789491162.346704 2730079 0
1789491162.358999 2730079 0
1789491162.371624 2730079 0
1789491162.384209 2730079 0
1789491162.396308 2730079 0
1789491162.408968 2730079 0
1789491162.421741 2730079 0
1789491162.434009 2730079 0
1789491162.446274 2730079 0
1789491162.458685 2730079 0
1789491162.470974 2730079 0
1789491162.483804 2730079 0
1789491162.496034 2730079 0
1789491162.508344 2730079 0
1789491162.521010 2730079 0
1789491162.533506 2730079 0
1789491162.546067 2730079 0
1789491162.558666 2730079 0
